1
2
3
4
5
6
7
9
10
11
13
15
17
19
22
25
28
32
37
42
48
55
62
71
81
92
105
119
136
155
176
201
228
260
296
337
383
436
497
565
644
733
834
949
1080
1229
1399
1593
1813
2063
2348
2672
3041
3461
3940
4484
5103
5808
6610
7523
8562
9744
11090
12621
14364
16348
18606
21175
24100
27428
31216
35527
40433
46017
50001
50002
50003
50004
50005
50006
50007
50009
50010
50011
50013
50015
50017
50019
50022
50025
50028
50032
50037
50042
50048
50055
50062
50071
50081
50092
50105
50119
50136
50155
50176
50201
50228
50260
50296
50337
50383
50436
50497
50565
50644
50733
50834
50949
51080
51229
51399
51593
51813
52063
52348
52372
52672
53041
53461
53940
54484
55103
55808
56610
57523
58562
59604
59744
61090
62621
64364
66348
67836
68606
71175
74100
77204
77428
81216
85527
87865
90433
96017
100000
100001
100002
100003
100004
100005
100006
100007
100009
100010
100011
100013
100015
100017
100019
100022
100025
100028
100032
100037
100042
100048
100055
100062
100071
100081
100092
100105
100119
100136
100155
100176
100201
100228
100260
100296
100337
100383
100436
100497
100565
100644
100733
100834
100949
101080
101229
101399
101593
101813
102063
102348
102372
102672
103041
103461
103940
104484
105103
105808
106610
107523
108562
109604
109744
111090
112621
114364
116348
117836
118606
121175
124100
127204
127428
131216
135527
137865
140433
146017
150000
150001
150002
150003
150004
150005
150006
150007
150009
150010
150011
150013
150015
150017
150019
150022
150025
150028
150032
150037
150042
150048
150055
150062
150071
150081
150092
150105
150119
150136
150155
150176
150201
150228
150260
150296
150337
150383
150436
150497
150565
150644
150733
150834
150949
151080
151229
151399
151593
151813
152063
152348
152372
152672
153041
153461
153940
154484
155103
155808
156610
157523
158562
159604
159744
161090
162621
164364
166348
167836
168606
171175
174100
177204
177428
181216
185527
187865
190433
196017
200000
200001
200002
200003
200004
200005
200006
200007
200009
200010
200011
200013
200015
200017
200019
200022
200025
200028
200032
200037
200042
200048
200055
200062
200071
200081
200092
200105
200119
200136
200155
200176
200201
200228
200260
200296
200337
200383
200436
200497
200565
200644
200733
200834
200949
201080
201229
201399
201593
201813
202063
202348
202372
202672
203041
203461
203940
204484
205103
205808
206610
207523
208562
209604
209744
211090
212621
214364
216348
217836
218606
221175
224100
227204
227428
231216
235527
237865
240433
246017
250000
250001
250002
250003
250004
250005
250006
250007
250009
250010
250011
250013
250015
250017
250019
250022
250025
250028
250032
250037
250042
250048
250055
250062
250071
250081
250092
250105
250119
250136
250155
250176
250201
250228
250260
250296
250337
250383
250436
250497
250565
250644
250733
250834
250949
251080
251229
251399
251593
251813
252063
252348
252372
252672
253041
253461
253940
254484
255103
255808
256610
257523
258562
259604
259744
261090
262621
264364
266348
267836
268606
271175
274100
277204
277428
281216
285527
287865
290433
296017
300000
300001
300002
300003
300004
300005
300006
300007
300009
300010
300011
300013
300015
300017
300019
300022
300025
300028
300032
300037
300042
300048
300055
300062
300071
300081
300092
300105
300119
300136
300155
300176
300201
300228
300260
300296
300337
300383
300436
300497
300565
300644
300733
300834
300949
301080
301229
301399
301593
301813
302063
302348
302372
302672
303041
303461
303940
304484
305103
305808
306610
307523
308562
309604
309744
311090
312621
314364
316348
317836
318606
321175
324100
327204
327428
331216
335527
337865
340433
346017
350000
350001
350002
350003
350004
350005
350006
350007
350009
350010
350011
350013
350015
350017
350019
350022
350025
350028
350032
350037
350042
350048
350055
350062
350071
350081
350092
350105
350119
350136
350155
350176
350201
350228
350260
350296
350337
350383
350436
350497
350565
350644
350733
350834
350949
351080
351229
351399
351593
351813
352063
352348
352372
352672
353041
353461
353940
354484
355103
355808
356610
357523
358562
359604
359744
361090
362621
364364
366348
367836
368606
371175
374100
377204
377428
381216
385527
387865
390433
396017
400000
400001
400002
400003
400004
400005
400006
400007
400009
400010
400011
400013
400015
400017
400019
400022
400025
400028
400032
400037
400042
400048
400055
400062
400071
400081
400092
400105
400119
400136
400155
400176
400201
400228
400260
400296
400337
400383
400436
400497
400565
400644
400733
400834
400949
401080
401229
401399
401593
401813
402063
402348
402372
402672
403041
403461
403940
404484
405103
405808
406610
407523
408562
409604
409744
411090
412621
414364
416348
417836
418606
421175
424100
427204
427428
431216
435527
437865
440433
446017
450000
450001
450002
450003
450004
450005
450006
450007
450009
450010
450011
450013
450015
450017
450019
450022
450025
450028
450032
450037
450042
450048
450055
450062
450071
450081
450092
450105
450119
450136
450155
450176
450201
450228
450260
450296
450337
450383
450436
450497
450565
450644
450733
450834
450949
451080
451229
451399
451593
451813
452063
452348
452372
452672
453041
453461
453940
454484
455103
455808
456610
457523
458562
459604
459744
461090
462621
464364
466348
467836
468606
471175
474100
477204
477428
481216
485527
487865
490433
496017
500000
500001
500002
500003
500004
500005
500006
500007
500009
500010
500011
500013
500015
500017
500019
500022
500025
500028
500032
500037
500042
500048
500055
500062
500071
500081
500092
500105
500119
500136
500155
500176
500201
500228
500260
500296
500337
500383
500436
500497
500565
500644
500733
500834
500949
501080
501229
501399
501593
501813
502063
502348
502372
502672
503041
503461
503940
504484
505103
505808
506610
507523
508562
509604
509744
511090
512621
514364
516348
517836
518606
521175
524100
527204
527428
531216
535527
537865
540433
546017
550000
550001
550002
550003
550004
550005
550006
550007
550009
550010
550011
550013
550015
550017
550019
550022
550025
550028
550032
550037
550042
550048
550055
550062
550071
550081
550092
550105
550119
550136
550155
550176
550201
550228
550260
550296
550337
550383
550436
550497
550565
550644
550733
550834
550949
551080
551229
551399
551593
551813
552063
552348
552372
552672
553041
553461
553940
554484
555103
555808
556610
557523
558562
559604
559744
561090
562621
564364
566348
567836
568606
571175
574100
577204
577428
581216
585527
587865
590433
596017
600000
600001
600002
600003
600004
600005
600006
600007
600009
600010
600011
600013
600015
600017
600019
600022
600025
600028
600032
600037
600042
600048
600055
600062
600071
600081
600092
600105
600119
600136
600155
600176
600201
600228
600260
600296
600337
600383
600436
600497
600565
600644
600733
600834
600949
601080
601229
601399
601593
601813
602063
602348
602372
602672
603041
603461
603940
604484
605103
605808
606610
607523
608562
609604
609744
611090
612621
614364
616348
617836
618606
621175
624100
627204
627428
631216
635527
637865
640433
646017
650000
650001
650002
650003
650004
650005
650006
650007
650009
650010
650011
650013
650015
650017
650019
650022
650025
650028
650032
650037
650042
650048
650055
650062
650071
650081
650092
650105
650119
650136
650155
650176
650201
650228
650260
650296
650337
650383
650436
650497
650565
650644
650733
650834
650949
651080
651229
651399
651593
651813
652063
652348
652372
652672
653041
653461
653940
654484
655103
655808
656610
657523
658562
659604
659744
661090
662621
664364
666348
667836
668606
671175
674100
677204
677428
681216
685527
687865
690433
696017
700000
700001
700002
700003
700004
700005
700006
700007
700009
700010
700011
700013
700015
700017
700019
700022
700025
700028
700032
700037
700042
700048
700055
700062
700071
700081
700092
700105
700119
700136
700155
700176
700201
700228
700260
700296
700337
700383
700436
700497
700565
700644
700733
700834
700949
701080
701229
701399
701593
701813
702063
702348
702372
702672
703041
703461
703940
704484
705103
705808
706610
707523
708562
709604
709744
711090
712621
714364
716348
717836
718606
721175
724100
727204
727428
731216
735527
737865
740433
746017
750000
750001
750002
750003
750004
750005
750006
750007
750009
750010
750011
750013
750015
750017
750019
750022
750025
750028
750032
750037
750042
750048
750055
750062
750071
750081
750092
750105
750119
750136
750155
750176
750201
750228
750260
750296
750337
750383
750436
750497
750565
750644
750733
750834
750949
751080
751229
751399
751593
751813
752063
752348
752372
752672
753041
753461
753940
754484
755103
755808
756610
757523
758562
759604
759744
761090
762621
764364
766348
767836
768606
771175
774100
777204
777428
781216
785527
787865
790433
796017
800000
800001
800002
800003
800004
800005
800006
800007
800009
800010
800011
800013
800015
800017
800019
800022
800025
800028
800032
800037
800042
800048
800055
800062
800071
800081
800092
800105
800119
800136
800155
800176
800201
800228
800260
800296
800337
800383
800436
800497
800565
800644
800733
800834
800949
801080
801229
801399
801593
801813
802063
802348
802372
802672
803041
803461
803940
804484
805103
805808
806610
807523
808562
809604
809744
811090
812621
814364
816348
817836
818606
821175
824100
827204
827428
831216
835527
837865
840433
846017
850000
850001
850002
850003
850004
850005
850006
850007
850009
850010
850011
850013
850015
850017
850019
850022
850025
850028
850032
850037
850042
850048
850055
850062
850071
850081
850092
850105
850119
850136
850155
850176
850201
850228
850260
850296
850337
850383
850436
850497
850565
850644
850733
850834
850949
851080
851229
851399
851593
851813
852063
852348
852372
852672
853041
853461
853940
854484
855103
855808
856610
857523
858562
859604
859744
861090
862621
864364
866348
867836
868606
871175
874100
877204
877428
881216
885527
887865
890433
896017
900000
900001
900002
900003
900004
900005
900006
900007
900009
900010
900011
900013
900015
900017
900019
900022
900025
900028
900032
900037
900042
900048
900055
900062
900071
900081
900092
900105
900119
900136
900155
900176
900201
900228
900260
900296
900337
900383
900436
900497
900565
900644
900733
900834
900949
901080
901229
901399
901593
901813
902063
902348
902372
902672
903041
903461
903940
904484
905103
905808
906610
907523
908562
909604
909744
911090
912621
914364
916348
917836
918606
921175
924100
927204
927428
931216
935527
937865
940433
946017
950000
950001
950002
950003
950004
950005
950006
950007
950009
950010
950011
950013
950015
950017
950019
950022
950025
950028
950032
950037
950042
950048
950055
950062
950071
950081
950092
950105
950119
950136
950155
950176
950201
950228
950260
950296
950337
950383
950436
950497
950565
950644
950733
950834
950949
951080
951229
951399
951593
951813
952063
952348
952372
952672
953041
953461
953940
954484
955103
955808
956610
957523
958562
959604
959744
961090
962621
964364
966348
967836
968606
971175
974100
977204
977428
981216
985527
987865
990433
996017
1000000
1000001
1000002
1000003
1000004
1000005
1000006
1000007
1000009
1000010
1000011
1000013
1000015
1000017
1000019
1000022
1000025
1000028
1000032
1000037
1000042
1000048
1000055
1000062
1000071
1000081
1000092
1000105
1000119
1000136
1000155
1000176
1000201
1000228
1000260
1000296
1000337
1000383
1000436
1000497
1000565
1000644
1000733
1000834
1000949
1001080
1001229
1001399
1001593
1001813
1002063
1002348
1002372
1002672
1003041
1003461
1003940
1004484
1005103
1005808
1006610
1007523
1008562
1009604
1009744
1011090
1012621
1014364
1016348
1017836
1018606
1021175
1024100
1027204
1027428
1031216
1035527
1037865
1040433
1046017
1050000
1050001
1050002
1050003
1050004
1050005
1050006
1050007
1050009
1050010
1050011
1050013
1050015
1050017
1050019
1050022
1050025
1050028
1050032
1050037
1050042
1050048
1050055
1050062
1050071
1050081
1050092
1050105
1050119
1050136
1050155
1050176
1050201
1050228
1050260
1050296
1050337
1050383
1050436
1050497
1050565
1050644
1050733
1050834
1050949
1051080
1051229
1051399
1051593
1051813
1052063
1052348
1052372
1052672
1053041
1053461
1053940
1054484
1055103
1055808
1056610
1057523
1058562
1059604
1059744
1061090
1062621
1064364
1066348
1067836
1068606
1071175
1074100
1077204
1077428
1081216
1085527
1087865
1090433
1096017
1100000
1100001
1100002
1100003
1100004
1100005
1100006
1100007
1100009
1100010
1100011
1100013
1100015
1100017
1100019
1100022
1100025
1100028
1100032
1100037
1100042
1100048
1100055
1100062
1100071
1100081
1100092
1100105
1100119
1100136
1100155
1100176
1100201
1100228
1100260
1100296
1100337
1100383
1100436
1100497
1100565
1100644
1100733
1100834
1100949
1101080
1101229
1101399
1101593
1101813
1102063
1102348
1102372
1102672
1103041
1103461
1103940
1104484
1105103
1105808
1106610
1107523
1108562
1109604
1109744
1111090
1112621
1114364
1116348
1117836
1118606
1121175
1124100
1127204
1127428
1131216
1135527
1137865
1140433
1146017
1150000
1150001
1150002
1150003
1150004
1150005
1150006
1150007
1150009
1150010
1150011
1150013
1150015
1150017
1150019
1150022
1150025
1150028
1150032
1150037
1150042
1150048
1150055
1150062
1150071
1150081
1150092
1150105
1150119
1150136
1150155
1150176
1150201
1150228
1150260
1150296
1150337
1150383
1150436
1150497
1150565
1150644
1150733
1150834
1150949
1151080
1151229
1151399
1151593
1151813
1152063
1152348
1152372
1152672
1153041
1153461
1153940
1154484
1155103
1155808
1156610
1157523
1158562
1159604
1159744
1161090
1162621
1164364
1166348
1167836
1168606
1171175
1174100
1177204
1177428
1181216
1185527
1187865
1190433
1196017
1200000
1200001
1200002
1200003
1200004
1200005
1200006
1200007
1200009
1200010
1200011
1200013
1200015
1200017
1200019
1200022
1200025
1200028
1200032
1200037
1200042
1200048
1200055
1200062
1200071
1200081
1200092
1200105
1200119
1200136
1200155
1200176
1200201
1200228
1200260
1200296
1200337
1200383
1200436
1200497
1200565
1200644
1200733
1200834
1200949
1201080
1201229
1201399
1201593
1201813
1202063
1202348
1202372
1202672
1203041
1203461
1203940
1204484
1205103
1205808
1206610
1207523
1208562
1209604
1209744
1211090
1212621
1214364
1216348
1217836
1218606
1221175
1224100
1227204
1227428
1231216
1235527
1237865
1240433
1246017
1250000
1250001
1250002
1250003
1250004
1250005
1250006
1250007
1250009
1250010
1250011
1250013
1250015
1250017
1250019
1250022
1250025
1250028
1250032
1250037
1250042
1250048
1250055
1250062
1250071
1250081
1250092
1250105
1250119
1250136
1250155
1250176
1250201
1250228
1250260
1250296
1250337
1250383
1250436
1250497
1250565
1250644
1250733
1250834
1250949
1251080
1251229
1251399
1251593
1251813
1252063
1252348
1252372
1252672
1253041
1253461
1253940
1254484
1255103
1255808
1256610
1257523
1258562
1259604
1259744
1261090
1262621
1264364
1266348
1267836
1268606
1271175
1274100
1277204
1277428
1281216
1285527
1287865
1290433
1296017
1300000
1300001
1300002
1300003
1300004
1300005
1300006
1300007
1300009
1300010
1300011
1300013
1300015
1300017
1300019
1300022
1300025
1300028
1300032
1300037
1300042
1300048
1300055
1300062
1300071
1300081
1300092
1300105
1300119
1300136
1300155
1300176
1300201
1300228
1300260
1300296
1300337
1300383
1300436
1300497
1300565
1300644
1300733
1300834
1300949
1301080
1301229
1301399
1301593
1301813
1302063
1302348
1302372
1302672
1303041
1303461
1303940
1304484
1305103
1305808
1306610
1307523
1308562
1309604
1309744
1311090
1312621
1314364
1316348
1317836
1318606
1321175
1324100
1327204
1327428
1331216
1335527
1337865
1340433
1346017
1350000
1350001
1350002
1350003
1350004
1350005
1350006
1350007
1350009
1350010
1350011
1350013
1350015
1350017
1350019
1350022
1350025
1350028
1350032
1350037
1350042
1350048
1350055
1350062
1350071
1350081
1350092
1350105
1350119
1350136
1350155
1350176
1350201
1350228
1350260
1350296
1350337
1350383
1350436
1350497
1350565
1350644
1350733
1350834
1350949
1351080
1351229
1351399
1351593
1351813
1352063
1352348
1352372
1352672
1353041
1353461
1353940
1354484
1355103
1355808
1356610
1357523
1358562
1359604
1359744
1361090
1362621
1364364
1366348
1367836
1368606
1371175
1374100
1377204
1377428
1381216
1385527
1387865
1390433
1396017
1400000
1400001
1400002
1400003
1400004
1400005
1400006
1400007
1400009
1400010
1400011
1400013
1400015
1400017
1400019
1400022
1400025
1400028
1400032
1400037
1400042
1400048
1400055
1400062
1400071
1400081
1400092
1400105
1400119
1400136
1400155
1400176
1400201
1400228
1400260
1400296
1400337
1400383
1400436
1400497
1400565
1400644
1400733
1400834
1400949
1401080
1401229
1401399
1401593
1401813
1402063
1402348
1402372
1402672
1403041
1403461
1403940
1404484
1405103
1405808
1406610
1407523
1408562
1409604
1409744
1411090
1412621
1414364
1416348
1417836
1418606
1421175
1424100
1427204
1427428
1431216
1435527
1437865
1440433
1446017
1450000
1450001
1450002
1450003
1450004
1450005
1450006
1450007
1450009
1450010
1450011
1450013
1450015
1450017
1450019
1450022
1450025
1450028
1450032
1450037
1450042
1450048
1450055
1450062
1450071
1450081
1450092
1450105
1450119
1450136
1450155
1450176
1450201
1450228
1450260
1450296
1450337
1450383
1450436
1450497
1450565
1450644
1450733
1450834
1450949
1451080
1451229
1451399
1451593
1451813
1452063
1452348
1452372
1452672
1453041
1453461
1453940
1454484
1455103
1455808
1456610
1457523
1458562
1459604
1459744
1461090
1462621
1464364
1466348
1467836
1468606
1471175
1474100
1477204
1477428
1481216
1485527
1487865
1490433
1496017
1500000
1500001
1500002
1500003
1500004
1500005
1500006
1500007
1500009
1500010
1500011
1500013
1500015
1500017
1500019
1500022
1500025
1500028
1500032
1500037
1500042
1500048
1500055
1500062
1500071
1500081
1500092
1500105
1500119
1500136
1500155
1500176
1500201
1500228
1500260
1500296
1500337
1500383
1500436
1500497
1500565
1500644
1500733
1500834
1500949
1501080
1501229
1501399
1501593
1501813
1502063
1502348
1502372
1502672
1503041
1503461
1503940
1504484
1505103
1505808
1506610
1507523
1508562
1509604
1509744
1511090
1512621
1514364
1516348
1517836
1518606
1521175
1524100
1527204
1527428
1531216
1535527
1537865
1540433
1546017
1550000
1550001
1550002
1550003
1550004
1550005
1550006
1550007
1550009
1550010
1550011
1550013
1550015
1550017
1550019
1550022
1550025
1550028
1550032
1550037
1550042
1550048
1550055
1550062
1550071
1550081
1550092
1550105
1550119
1550136
1550155
1550176
1550201
1550228
1550260
1550296
1550337
1550383
1550436
1550497
1550565
1550644
1550733
1550834
1550949
1551080
1551229
1551399
1551593
1551813
1552063
1552348
1552372
1552672
1553041
1553461
1553940
1554484
1555103
1555808
1556610
1557523
1558562
1559604
1559744
1561090
1562621
1564364
1566348
1567836
1568606
1571175
1574100
1577204
1577428
1581216
1585527
1587865
1590433
1596017
1600000
1600001
1600002
1600003
1600004
1600005
1600006
1600007
1600009
1600010
1600011
1600013
1600015
1600017
1600019
1600022
1600025
1600028
1600032
1600037
1600042
1600048
1600055
1600062
1600071
1600081
1600092
1600105
1600119
1600136
1600155
1600176
1600201
1600228
1600260
1600296
1600337
1600383
1600436
1600497
1600565
1600644
1600733
1600834
1600949
1601080
1601229
1601399
1601593
1601813
1602063
1602348
1602372
1602672
1603041
1603461
1603940
1604484
1605103
1605808
1606610
1607523
1608562
1609604
1609744
1611090
1612621
1614364
1616348
1617836
1618606
1621175
1624100
1627204
1627428
1631216
1635527
1637865
1640433
1646017
1650000
1650001
1650002
1650003
1650004
1650005
1650006
1650007
1650009
1650010
1650011
1650013
1650015
1650017
1650019
1650022
1650025
1650028
1650032
1650037
1650042
1650048
1650055
1650062
1650071
1650081
1650092
1650105
1650119
1650136
1650155
1650176
1650201
1650228
1650260
1650296
1650337
1650383
1650436
1650497
1650565
1650644
1650733
1650834
1650949
1651080
1651229
1651399
1651593
1651813
1652063
1652348
1652372
1652672
1653041
1653461
1653940
1654484
1655103
1655808
1656610
1657523
1658562
1659604
1659744
1661090
1662621
1664364
1666348
1667836
1668606
1671175
1674100
1677204
1677428
1681216
1685527
1687865
1690433
1696017
1700000
1700001
1700002
1700003
1700004
1700005
1700006
1700007
1700009
1700010
1700011
1700013
1700015
1700017
1700019
1700022
1700025
1700028
1700032
1700037
1700042
1700048
1700055
1700062
1700071
1700081
1700092
1700105
1700119
1700136
1700155
1700176
1700201
1700228
1700260
1700296
1700337
1700383
1700436
1700497
1700565
1700644
1700733
1700834
1700949
1701080
1701229
1701399
1701593
1701813
1702063
1702348
1702372
1702672
1703041
1703461
1703940
1704484
1705103
1705808
1706610
1707523
1708562
1709604
1709744
1711090
1712621
1714364
1716348
1717836
1718606
1721175
1724100
1727204
1727428
1731216
1735527
1737865
1740433
1746017
1750000
1750001
1750002
1750003
1750004
1750005
1750006
1750007
1750009
1750010
1750011
1750013
1750015
1750017
1750019
1750022
1750025
1750028
1750032
1750037
1750042
1750048
1750055
1750062
1750071
1750081
1750092
1750105
1750119
1750136
1750155
1750176
1750201
1750228
1750260
1750296
1750337
1750383
1750436
1750497
1750565
1750644
1750733
1750834
1750949
1751080
1751229
1751399
1751593
1751813
1752063
1752348
1752372
1752672
1753041
1753461
1753940
1754484
1755103
1755808
1756610
1757523
1758562
1759604
1759744
1761090
1762621
1764364
1766348
1767836
1768606
1771175
1774100
1777204
1777428
1781216
1785527
1787865
1790433
1796017
1800000
1800001
1800002
1800003
1800004
1800005
1800006
1800007
1800009
1800010
1800011
1800013
1800015
1800017
1800019
1800022
1800025
1800028
1800032
1800037
1800042
1800048
1800055
1800062
1800071
1800081
1800092
1800105
1800119
1800136
1800155
1800176
1800201
1800228
1800260
1800296
1800337
1800383
1800436
1800497
1800565
1800644
1800733
1800834
1800949
1801080
1801229
1801399
1801593
1801813
1802063
1802348
1802372
1802672
1803041
1803461
1803940
1804484
1805103
1805808
1806610
1807523
1808562
1809604
1809744
1811090
1812621
1814364
1816348
1817836
1818606
1821175
1824100
1827204
1827428
1831216
1835527
1837865
1840433
1846017
1850000
1850001
1850002
1850003
1850004
1850005
1850006
1850007
1850009
1850010
1850011
1850013
1850015
1850017
1850019
1850022
1850025
1850028
1850032
1850037
1850042
1850048
1850055
1850062
1850071
1850081
1850092
1850105
1850119
1850136
1850155
1850176
1850201
1850228
1850260
1850296
1850337
1850383
1850436
1850497
1850565
1850644
1850733
1850834
1850949
1851080
1851229
1851399
1851593
1851813
1852063
1852348
1852372
1852672
1853041
1853461
1853940
1854484
1855103
1855808
1856610
1857523
1858562
1859604
1859744
1861090
1862621
1864364
1866348
1867836
1868606
1871175
1874100
1877204
1877428
1881216
1885527
1887865
1890433
1896017
1900000
1900001
1900002
1900003
1900004
1900005
1900006
1900007
1900009
1900010
1900011
1900013
1900015
1900017
1900019
1900022
1900025
1900028
1900032
1900037
1900042
1900048
1900055
1900062
1900071
1900081
1900092
1900105
1900119
1900136
1900155
1900176
1900201
1900228
1900260
1900296
1900337
1900383
1900436
1900497
1900565
1900644
1900733
1900834
1900949
1901080
1901229
1901399
1901593
1901813
1902063
1902348
1902372
1902672
1903041
1903461
1903940
1904484
1905103
1905808
1906610
1907523
1908562
1909604
1909744
1911090
1912621
1914364
1916348
1917836
1918606
1921175
1924100
1927204
1927428
1931216
1935527
1937865
1940433
1946017
1950000
1950001
1950002
1950003
1950004
1950005
1950006
1950007
1950009
1950010
1950011
1950013
1950015
1950017
1950019
1950022
1950025
1950028
1950032
1950037
1950042
1950048
1950055
1950062
1950071
1950081
1950092
1950105
1950119
1950136
1950155
1950176
1950201
1950228
1950260
1950296
1950337
1950383
1950436
1950497
1950565
1950644
1950733
1950834
1950949
1951080
1951229
1951399
1951593
1951813
1952063
1952348
1952372
1952672
1953041
1953461
1953940
1954484
1955103
1955808
1956610
1957523
1958562
1959604
1959744
1961090
1962621
1964364
1966348
1967836
1968606
1971175
1974100
1977204
1977428
1981216
1985527
1987865
1990433
1996017
2000000
2000001
2000002
2000003
2000004
2000005
2000006
2000007
2000009
2000010
2000011
2000013
2000015
2000017
2000019
2000022
2000025
2000028
2000032
2000037
2000042
2000048
2000055
2000062
2000071
2000081
2000092
2000105
2000119
2000136
2000155
2000176
2000201
2000228
2000260
2000296
2000337
2000383
2000436
2000497
2000565
2000644
2000733
2000834
2000949
2001080
2001229
2001399
2001593
2001813
2002063
2002348
2002372
2002672
2003041
2003461
2003940
2004484
2005103
2005808
2006610
2007523
2008562
2009604
2009744
2011090
2012621
2014364
2016348
2017836
2018606
2021175
2024100
2027204
2027428
2031216
2035527
2037865
2040433
2046017
2050000
2050001
2050002
2050003
2050004
2050005
2050006
2050007
2050009
2050010
2050011
2050013
2050015
2050017
2050019
2050022
2050025
2050028
2050032
2050037
2050042
2050048
2050055
2050062
2050071
2050081
2050092
2050105
2050119
2050136
2050155
2050176
2050201
2050228
2050260
2050296
2050337
2050383
2050436
2050497
2050565
2050644
2050733
2050834
2050949
2051080
2051229
2051399
2051593
2051813
2052063
2052348
2052372
2052672
2053041
2053461
2053940
2054484
2055103
2055808
2056610
2057523
2058562
2059604
2059744
2061090
2062621
2064364
2066348
2067836
2068606
2071175
2074100
2077204
2077428
2081216
2085527
2087865
2090433
2096017
2100000
2100001
2100002
2100003
2100004
2100005
2100006
2100007
2100009
2100010
2100011
2100013
2100015
2100017
2100019
2100022
2100025
2100028
2100032
2100037
2100042
2100048
2100055
2100062
2100071
2100081
2100092
2100105
2100119
2100136
2100155
2100176
2100201
2100228
2100260
2100296
2100337
2100383
2100436
2100497
2100565
2100644
2100733
2100834
2100949
2101080
2101229
2101399
2101593
2101813
2102063
2102348
2102372
2102672
2103041
2103461
2103940
2104484
2105103
2105808
2106610
2107523
2108562
2109604
2109744
2111090
2112621
2114364
2116348
2117836
2118606
2121175
2124100
2127204
2127428
2131216
2135527
2137865
2140433
2146017
2150000
2150001
2150002
2150003
2150004
2150005
2150006
2150007
2150009
2150010
2150011
2150013
2150015
2150017
2150019
2150022
2150025
2150028
2150032
2150037
2150042
2150048
2150055
2150062
2150071
2150081
2150092
2150105
2150119
2150136
2150155
2150176
2150201
2150228
2150260
2150296
2150337
2150383
2150436
2150497
2150565
2150644
2150733
2150834
2150949
2151080
2151229
2151399
2151593
2151813
2152063
2152348
2152372
2152672
2153041
2153461
2153940
2154484
2155103
2155808
2156610
2157523
2158562
2159604
2159744
2161090
2162621
2164364
2166348
2167836
2168606
2171175
2174100
2177204
2177428
2181216
2185527
2187865
2190433
2196017
2200000
2200001
2200002
2200003
2200004
2200005
2200006
2200007
2200009
2200010
2200011
2200013
2200015
2200017
2200019
2200022
2200025
2200028
2200032
2200037
2200042
2200048
2200055
2200062
2200071
2200081
2200092
2200105
2200119
2200136
2200155
2200176
2200201
2200228
2200260
2200296
2200337
2200383
2200436
2200497
2200565
2200644
2200733
2200834
2200949
2201080
2201229
2201399
2201593
2201813
2202063
2202348
2202372
2202672
2203041
2203461
2203940
2204484
2205103
2205808
2206610
2207523
2208562
2209604
2209744
2211090
2212621
2214364
2216348
2217836
2218606
2221175
2224100
2227204
2227428
2231216
2235527
2237865
2240433
2246017
2250000
2250001
2250002
2250003
2250004
2250005
2250006
2250007
2250009
2250010
2250011
2250013
2250015
2250017
2250019
2250022
2250025
2250028
2250032
2250037
2250042
2250048
2250055
2250062
2250071
2250081
2250092
2250105
2250119
2250136
2250155
2250176
2250201
2250228
2250260
2250296
2250337
2250383
2250436
2250497
2250565
2250644
2250733
2250834
2250949
2251080
2251229
2251399
2251593
2251813
2252063
2252348
2252372
2252672
2253041
2253461
2253940
2254484
2255103
2255808
2256610
2257523
2258562
2259604
2259744
2261090
2262621
2264364
2266348
2267836
2268606
2271175
2274100
2277204
2277428
2281216
2285527
2287865
2290433
2296017
2300000
2300001
2300002
2300003
2300004
2300005
2300006
2300007
2300009
2300010
2300011
2300013
2300015
2300017
2300019
2300022
2300025
2300028
2300032
2300037
2300042
2300048
2300055
2300062
2300071
2300081
2300092
2300105
2300119
2300136
2300155
2300176
2300201
2300228
2300260
2300296
2300337
2300383
2300436
2300497
2300565
2300644
2300733
2300834
2300949
2301080
2301229
2301399
2301593
2301813
2302063
2302348
2302372
2302672
2303041
2303461
2303940
2304484
2305103
2305808
2306610
2307523
2308562
2309604
2309744
2311090
2312621
2314364
2316348
2317836
2318606
2321175
2324100
2327204
2327428
2331216
2335527
2337865
2340433
2346017
2350000
2350001
2350002
2350003
2350004
2350005
2350006
2350007
2350009
2350010
2350011
2350013
2350015
2350017
2350019
2350022
2350025
2350028
2350032
2350037
2350042
2350048
2350055
2350062
2350071
2350081
2350092
2350105
2350119
2350136
2350155
2350176
2350201
2350228
2350260
2350296
2350337
2350383
2350436
2350497
2350565
2350644
2350733
2350834
2350949
2351080
2351229
2351399
2351593
2351813
2352063
2352348
2352372
2352672
2353041
2353461
2353940
2354484
2355103
2355808
2356610
2357523
2358562
2359604
2359744
2361090
2362621
2364364
2366348
2367836
2368606
2371175
2374100
2377204
2377428
2381216
2385527
2387865
2390433
2396017
2400000
2400001
2400002
2400003
2400004
2400005
2400006
2400007
2400009
2400010
2400011
2400013
2400015
2400017
2400019
2400022
2400025
2400028
2400032
2400037
2400042
2400048
2400055
2400062
2400071
2400081
2400092
2400105
2400119
2400136
2400155
2400176
2400201
2400228
2400260
2400296
2400337
2400383
2400436
2400497
2400565
2400644
2400733
2400834
2400949
2401080
2401229
2401399
2401593
2401813
2402063
2402348
2402372
2402672
2403041
2403461
2403940
2404484
2405103
2405808
2406610
2407523
2408562
2409604
2409744
2411090
2412621
2414364
2416348
2417836
2418606
2421175
2424100
2427204
2427428
2431216
2435527
2437865
2440433
2446017
2450000
2450001
2450002
2450003
2450004
2450005
2450006
2450007
2450009
2450010
2450011
2450013
2450015
2450017
2450019
2450022
2450025
2450028
2450032
2450037
2450042
2450048
2450055
2450062
2450071
2450081
2450092
2450105
2450119
2450136
2450155
2450176
2450201
2450228
2450260
2450296
2450337
2450383
2450436
2450497
2450565
2450644
2450733
2450834
2450949
2451080
2451229
2451399
2451593
2451813
2452063
2452348
2452372
2452672
2453041
2453461
2453940
2454484
2455103
2455808
2456610
2457523
2458562
2459604
2459744
2461090
2462621
2464364
2466348
2467836
2468606
2471175
2474100
2477204
2477428
2481216
2485527
2487865
2490433
2496017
2500000
2502372
2509604
2517836
2527204
2537865
2550000
