2350001
2350002
2350003
2350004
2350005
2350006
2350007
2350009
2350010
2350011
2350013
2350015
2350017
2350019
2350022
2350025
2350028
2350032
2350037
2350042
2350048
2350055
2350062
2350071
2350081
2350092
2350105
2350119
2350136
2350155
2350176
2350201
2350228
2350260
2350296
2350337
2350383
2350436
2350497
2350565
2350644
2350733
2350834
2350949
2351080
2351229
2351399
2351593
2351813
2352063
2352348
2352672
2353041
2353461
2353940
2354484
2355103
2355808
2356610
2357523
2358562
2359744
2361090
2362621
2364364
2366348
2368606
2371175
2374100
2377428
2381216
2385527
2390433
2396017
2402372
2409604
2417836
2427204
2437865
2450000
