2150001
2150002
2150003
2150004
2150005
2150006
2150007
2150009
2150010
2150011
2150013
2150015
2150017
2150019
2150022
2150025
2150028
2150032
2150037
2150042
2150048
2150055
2150062
2150071
2150081
2150092
2150105
2150119
2150136
2150155
2150176
2150201
2150228
2150260
2150296
2150337
2150383
2150436
2150497
2150565
2150644
2150733
2150834
2150949
2151080
2151229
2151399
2151593
2151813
2152063
2152348
2152672
2153041
2153461
2153940
2154484
2155103
2155808
2156610
2157523
2158562
2159744
2161090
2162621
2164364
2166348
2168606
2171175
2174100
2177428
2181216
2185527
2190433
2196017
2202372
2209604
2217836
2227204
2237865
2250000
