350001
350002
350003
350004
350005
350006
350007
350009
350010
350011
350013
350015
350017
350019
350022
350025
350028
350032
350037
350042
350048
350055
350062
350071
350081
350092
350105
350119
350136
350155
350176
350201
350228
350260
350296
350337
350383
350436
350497
350565
350644
350733
350834
350949
351080
351229
351399
351593
351813
352063
352348
352672
353041
353461
353940
354484
355103
355808
356610
357523
358562
359744
361090
362621
364364
366348
368606
371175
374100
377428
381216
385527
390433
396017
402372
409604
417836
427204
437865
450000
