2050001
2050002
2050003
2050004
2050005
2050006
2050007
2050009
2050010
2050011
2050013
2050015
2050017
2050019
2050022
2050025
2050028
2050032
2050037
2050042
2050048
2050055
2050062
2050071
2050081
2050092
2050105
2050119
2050136
2050155
2050176
2050201
2050228
2050260
2050296
2050337
2050383
2050436
2050497
2050565
2050644
2050733
2050834
2050949
2051080
2051229
2051399
2051593
2051813
2052063
2052348
2052672
2053041
2053461
2053940
2054484
2055103
2055808
2056610
2057523
2058562
2059744
2061090
2062621
2064364
2066348
2068606
2071175
2074100
2077428
2081216
2085527
2090433
2096017
2102372
2109604
2117836
2127204
2137865
2150000
