1950001
1950002
1950003
1950004
1950005
1950006
1950007
1950009
1950010
1950011
1950013
1950015
1950017
1950019
1950022
1950025
1950028
1950032
1950037
1950042
1950048
1950055
1950062
1950071
1950081
1950092
1950105
1950119
1950136
1950155
1950176
1950201
1950228
1950260
1950296
1950337
1950383
1950436
1950497
1950565
1950644
1950733
1950834
1950949
1951080
1951229
1951399
1951593
1951813
1952063
1952348
1952672
1953041
1953461
1953940
1954484
1955103
1955808
1956610
1957523
1958562
1959744
1961090
1962621
1964364
1966348
1968606
1971175
1974100
1977428
1981216
1985527
1990433
1996017
2002372
2009604
2017836
2027204
2037865
2050000
