1800001
1800002
1800003
1800004
1800005
1800006
1800007
1800009
1800010
1800011
1800013
1800015
1800017
1800019
1800022
1800025
1800028
1800032
1800037
1800042
1800048
1800055
1800062
1800071
1800081
1800092
1800105
1800119
1800136
1800155
1800176
1800201
1800228
1800260
1800296
1800337
1800383
1800436
1800497
1800565
1800644
1800733
1800834
1800949
1801080
1801229
1801399
1801593
1801813
1802063
1802348
1802672
1803041
1803461
1803940
1804484
1805103
1805808
1806610
1807523
1808562
1809744
1811090
1812621
1814364
1816348
1818606
1821175
1824100
1827428
1831216
1835527
1840433
1846017
1852372
1859604
1867836
1877204
1887865
1900000
