1350001
1350002
1350003
1350004
1350005
1350006
1350007
1350009
1350010
1350011
1350013
1350015
1350017
1350019
1350022
1350025
1350028
1350032
1350037
1350042
1350048
1350055
1350062
1350071
1350081
1350092
1350105
1350119
1350136
1350155
1350176
1350201
1350228
1350260
1350296
1350337
1350383
1350436
1350497
1350565
1350644
1350733
1350834
1350949
1351080
1351229
1351399
1351593
1351813
1352063
1352348
1352672
1353041
1353461
1353940
1354484
1355103
1355808
1356610
1357523
1358562
1359744
1361090
1362621
1364364
1366348
1368606
1371175
1374100
1377428
1381216
1385527
1390433
1396017
1402372
1409604
1417836
1427204
1437865
1450000
