200001
200002
200003
200004
200005
200006
200007
200009
200010
200011
200013
200015
200017
200019
200022
200025
200028
200032
200037
200042
200048
200055
200062
200071
200081
200092
200105
200119
200136
200155
200176
200201
200228
200260
200296
200337
200383
200436
200497
200565
200644
200733
200834
200949
201080
201229
201399
201593
201813
202063
202348
202672
203041
203461
203940
204484
205103
205808
206610
207523
208562
209744
211090
212621
214364
216348
218606
221175
224100
227428
231216
235527
240433
246017
252372
259604
267836
277204
287865
300000
