1300001
1300002
1300003
1300004
1300005
1300006
1300007
1300009
1300010
1300011
1300013
1300015
1300017
1300019
1300022
1300025
1300028
1300032
1300037
1300042
1300048
1300055
1300062
1300071
1300081
1300092
1300105
1300119
1300136
1300155
1300176
1300201
1300228
1300260
1300296
1300337
1300383
1300436
1300497
1300565
1300644
1300733
1300834
1300949
1301080
1301229
1301399
1301593
1301813
1302063
1302348
1302672
1303041
1303461
1303940
1304484
1305103
1305808
1306610
1307523
1308562
1309744
1311090
1312621
1314364
1316348
1318606
1321175
1324100
1327428
1331216
1335527
1340433
1346017
1352372
1359604
1367836
1377204
1387865
1400000
