1850001
1850002
1850003
1850004
1850005
1850006
1850007
1850009
1850010
1850011
1850013
1850015
1850017
1850019
1850022
1850025
1850028
1850032
1850037
1850042
1850048
1850055
1850062
1850071
1850081
1850092
1850105
1850119
1850136
1850155
1850176
1850201
1850228
1850260
1850296
1850337
1850383
1850436
1850497
1850565
1850644
1850733
1850834
1850949
1851080
1851229
1851399
1851593
1851813
1852063
1852348
1852672
1853041
1853461
1853940
1854484
1855103
1855808
1856610
1857523
1858562
1859744
1861090
1862621
1864364
1866348
1868606
1871175
1874100
1877428
1881216
1885527
1890433
1896017
1902372
1909604
1917836
1927204
1937865
1950000
