400001
400002
400003
400004
400005
400006
400007
400009
400010
400011
400013
400015
400017
400019
400022
400025
400028
400032
400037
400042
400048
400055
400062
400071
400081
400092
400105
400119
400136
400155
400176
400201
400228
400260
400296
400337
400383
400436
400497
400565
400644
400733
400834
400949
401080
401229
401399
401593
401813
402063
402348
402672
403041
403461
403940
404484
405103
405808
406610
407523
408562
409744
411090
412621
414364
416348
418606
421175
424100
427428
431216
435527
440433
446017
452372
459604
467836
477204
487865
500000
