550001
550002
550003
550004
550005
550006
550007
550009
550010
550011
550013
550015
550017
550019
550022
550025
550028
550032
550037
550042
550048
550055
550062
550071
550081
550092
550105
550119
550136
550155
550176
550201
550228
550260
550296
550337
550383
550436
550497
550565
550644
550733
550834
550949
551080
551229
551399
551593
551813
552063
552348
552672
553041
553461
553940
554484
555103
555808
556610
557523
558562
559744
561090
562621
564364
566348
568606
571175
574100
577428
581216
585527
590433
596017
602372
609604
617836
627204
637865
650000
