1250001
1250002
1250003
1250004
1250005
1250006
1250007
1250009
1250010
1250011
1250013
1250015
1250017
1250019
1250022
1250025
1250028
1250032
1250037
1250042
1250048
1250055
1250062
1250071
1250081
1250092
1250105
1250119
1250136
1250155
1250176
1250201
1250228
1250260
1250296
1250337
1250383
1250436
1250497
1250565
1250644
1250733
1250834
1250949
1251080
1251229
1251399
1251593
1251813
1252063
1252348
1252672
1253041
1253461
1253940
1254484
1255103
1255808
1256610
1257523
1258562
1259744
1261090
1262621
1264364
1266348
1268606
1271175
1274100
1277428
1281216
1285527
1290433
1296017
1302372
1309604
1317836
1327204
1337865
1350000
