450001
450002
450003
450004
450005
450006
450007
450009
450010
450011
450013
450015
450017
450019
450022
450025
450028
450032
450037
450042
450048
450055
450062
450071
450081
450092
450105
450119
450136
450155
450176
450201
450228
450260
450296
450337
450383
450436
450497
450565
450644
450733
450834
450949
451080
451229
451399
451593
451813
452063
452348
452672
453041
453461
453940
454484
455103
455808
456610
457523
458562
459744
461090
462621
464364
466348
468606
471175
474100
477428
481216
485527
490433
496017
502372
509604
517836
527204
537865
550000
