2200001
2200002
2200003
2200004
2200005
2200006
2200007
2200009
2200010
2200011
2200013
2200015
2200017
2200019
2200022
2200025
2200028
2200032
2200037
2200042
2200048
2200055
2200062
2200071
2200081
2200092
2200105
2200119
2200136
2200155
2200176
2200201
2200228
2200260
2200296
2200337
2200383
2200436
2200497
2200565
2200644
2200733
2200834
2200949
2201080
2201229
2201399
2201593
2201813
2202063
2202348
2202672
2203041
2203461
2203940
2204484
2205103
2205808
2206610
2207523
2208562
2209744
2211090
2212621
2214364
2216348
2218606
2221175
2224100
2227428
2231216
2235527
2240433
2246017
2252372
2259604
2267836
2277204
2287865
2300000
