1150001
1150002
1150003
1150004
1150005
1150006
1150007
1150009
1150010
1150011
1150013
1150015
1150017
1150019
1150022
1150025
1150028
1150032
1150037
1150042
1150048
1150055
1150062
1150071
1150081
1150092
1150105
1150119
1150136
1150155
1150176
1150201
1150228
1150260
1150296
1150337
1150383
1150436
1150497
1150565
1150644
1150733
1150834
1150949
1151080
1151229
1151399
1151593
1151813
1152063
1152348
1152672
1153041
1153461
1153940
1154484
1155103
1155808
1156610
1157523
1158562
1159744
1161090
1162621
1164364
1166348
1168606
1171175
1174100
1177428
1181216
1185527
1190433
1196017
1202372
1209604
1217836
1227204
1237865
1250000
