1900001
1900002
1900003
1900004
1900005
1900006
1900007
1900009
1900010
1900011
1900013
1900015
1900017
1900019
1900022
1900025
1900028
1900032
1900037
1900042
1900048
1900055
1900062
1900071
1900081
1900092
1900105
1900119
1900136
1900155
1900176
1900201
1900228
1900260
1900296
1900337
1900383
1900436
1900497
1900565
1900644
1900733
1900834
1900949
1901080
1901229
1901399
1901593
1901813
1902063
1902348
1902672
1903041
1903461
1903940
1904484
1905103
1905808
1906610
1907523
1908562
1909744
1911090
1912621
1914364
1916348
1918606
1921175
1924100
1927428
1931216
1935527
1940433
1946017
1952372
1959604
1967836
1977204
1987865
2000000
