1650001
1650002
1650003
1650004
1650005
1650006
1650007
1650009
1650010
1650011
1650013
1650015
1650017
1650019
1650022
1650025
1650028
1650032
1650037
1650042
1650048
1650055
1650062
1650071
1650081
1650092
1650105
1650119
1650136
1650155
1650176
1650201
1650228
1650260
1650296
1650337
1650383
1650436
1650497
1650565
1650644
1650733
1650834
1650949
1651080
1651229
1651399
1651593
1651813
1652063
1652348
1652672
1653041
1653461
1653940
1654484
1655103
1655808
1656610
1657523
1658562
1659744
1661090
1662621
1664364
1666348
1668606
1671175
1674100
1677428
1681216
1685527
1690433
1696017
1702372
1709604
1717836
1727204
1737865
1750000
