1750001
1750002
1750003
1750004
1750005
1750006
1750007
1750009
1750010
1750011
1750013
1750015
1750017
1750019
1750022
1750025
1750028
1750032
1750037
1750042
1750048
1750055
1750062
1750071
1750081
1750092
1750105
1750119
1750136
1750155
1750176
1750201
1750228
1750260
1750296
1750337
1750383
1750436
1750497
1750565
1750644
1750733
1750834
1750949
1751080
1751229
1751399
1751593
1751813
1752063
1752348
1752672
1753041
1753461
1753940
1754484
1755103
1755808
1756610
1757523
1758562
1759744
1761090
1762621
1764364
1766348
1768606
1771175
1774100
1777428
1781216
1785527
1790433
1796017
1802372
1809604
1817836
1827204
1837865
1850000
