150001
150002
150003
150004
150005
150006
150007
150009
150010
150011
150013
150015
150017
150019
150022
150025
150028
150032
150037
150042
150048
150055
150062
150071
150081
150092
150105
150119
150136
150155
150176
150201
150228
150260
150296
150337
150383
150436
150497
150565
150644
150733
150834
150949
151080
151229
151399
151593
151813
152063
152348
152672
153041
153461
153940
154484
155103
155808
156610
157523
158562
159744
161090
162621
164364
166348
168606
171175
174100
177428
181216
185527
190433
196017
202372
209604
217836
227204
237865
250000
