1550001
1550002
1550003
1550004
1550005
1550006
1550007
1550009
1550010
1550011
1550013
1550015
1550017
1550019
1550022
1550025
1550028
1550032
1550037
1550042
1550048
1550055
1550062
1550071
1550081
1550092
1550105
1550119
1550136
1550155
1550176
1550201
1550228
1550260
1550296
1550337
1550383
1550436
1550497
1550565
1550644
1550733
1550834
1550949
1551080
1551229
1551399
1551593
1551813
1552063
1552348
1552672
1553041
1553461
1553940
1554484
1555103
1555808
1556610
1557523
1558562
1559744
1561090
1562621
1564364
1566348
1568606
1571175
1574100
1577428
1581216
1585527
1590433
1596017
1602372
1609604
1617836
1627204
1637865
1650000
