1450001
1450002
1450003
1450004
1450005
1450006
1450007
1450009
1450010
1450011
1450013
1450015
1450017
1450019
1450022
1450025
1450028
1450032
1450037
1450042
1450048
1450055
1450062
1450071
1450081
1450092
1450105
1450119
1450136
1450155
1450176
1450201
1450228
1450260
1450296
1450337
1450383
1450436
1450497
1450565
1450644
1450733
1450834
1450949
1451080
1451229
1451399
1451593
1451813
1452063
1452348
1452672
1453041
1453461
1453940
1454484
1455103
1455808
1456610
1457523
1458562
1459744
1461090
1462621
1464364
1466348
1468606
1471175
1474100
1477428
1481216
1485527
1490433
1496017
1502372
1509604
1517836
1527204
1537865
1550000
