1100001
1100002
1100003
1100004
1100005
1100006
1100007
1100009
1100010
1100011
1100013
1100015
1100017
1100019
1100022
1100025
1100028
1100032
1100037
1100042
1100048
1100055
1100062
1100071
1100081
1100092
1100105
1100119
1100136
1100155
1100176
1100201
1100228
1100260
1100296
1100337
1100383
1100436
1100497
1100565
1100644
1100733
1100834
1100949
1101080
1101229
1101399
1101593
1101813
1102063
1102348
1102672
1103041
1103461
1103940
1104484
1105103
1105808
1106610
1107523
1108562
1109744
1111090
1112621
1114364
1116348
1118606
1121175
1124100
1127428
1131216
1135527
1140433
1146017
1152372
1159604
1167836
1177204
1187865
1200000
