850001
850002
850003
850004
850005
850006
850007
850009
850010
850011
850013
850015
850017
850019
850022
850025
850028
850032
850037
850042
850048
850055
850062
850071
850081
850092
850105
850119
850136
850155
850176
850201
850228
850260
850296
850337
850383
850436
850497
850565
850644
850733
850834
850949
851080
851229
851399
851593
851813
852063
852348
852672
853041
853461
853940
854484
855103
855808
856610
857523
858562
859744
861090
862621
864364
866348
868606
871175
874100
877428
881216
885527
890433
896017
902372
909604
917836
927204
937865
950000
