950001
950002
950003
950004
950005
950006
950007
950009
950010
950011
950013
950015
950017
950019
950022
950025
950028
950032
950037
950042
950048
950055
950062
950071
950081
950092
950105
950119
950136
950155
950176
950201
950228
950260
950296
950337
950383
950436
950497
950565
950644
950733
950834
950949
951080
951229
951399
951593
951813
952063
952348
952672
953041
953461
953940
954484
955103
955808
956610
957523
958562
959744
961090
962621
964364
966348
968606
971175
974100
977428
981216
985527
990433
996017
1002372
1009604
1017836
1027204
1037865
1050000
