650001
650002
650003
650004
650005
650006
650007
650009
650010
650011
650013
650015
650017
650019
650022
650025
650028
650032
650037
650042
650048
650055
650062
650071
650081
650092
650105
650119
650136
650155
650176
650201
650228
650260
650296
650337
650383
650436
650497
650565
650644
650733
650834
650949
651080
651229
651399
651593
651813
652063
652348
652672
653041
653461
653940
654484
655103
655808
656610
657523
658562
659744
661090
662621
664364
666348
668606
671175
674100
677428
681216
685527
690433
696017
702372
709604
717836
727204
737865
750000
