2250001
2250002
2250003
2250004
2250005
2250006
2250007
2250009
2250010
2250011
2250013
2250015
2250017
2250019
2250022
2250025
2250028
2250032
2250037
2250042
2250048
2250055
2250062
2250071
2250081
2250092
2250105
2250119
2250136
2250155
2250176
2250201
2250228
2250260
2250296
2250337
2250383
2250436
2250497
2250565
2250644
2250733
2250834
2250949
2251080
2251229
2251399
2251593
2251813
2252063
2252348
2252672
2253041
2253461
2253940
2254484
2255103
2255808
2256610
2257523
2258562
2259744
2261090
2262621
2264364
2266348
2268606
2271175
2274100
2277428
2281216
2285527
2290433
2296017
2302372
2309604
2317836
2327204
2337865
2350000
