2450001
2450002
2450003
2450004
2450005
2450006
2450007
2450009
2450010
2450011
2450013
2450015
2450017
2450019
2450022
2450025
2450028
2450032
2450037
2450042
2450048
2450055
2450062
2450071
2450081
2450092
2450105
2450119
2450136
2450155
2450176
2450201
2450228
2450260
2450296
2450337
2450383
2450436
2450497
2450565
2450644
2450733
2450834
2450949
2451080
2451229
2451399
2451593
2451813
2452063
2452348
2452672
2453041
2453461
2453940
2454484
2455103
2455808
2456610
2457523
2458562
2459744
2461090
2462621
2464364
2466348
2468606
2471175
2474100
2477428
2481216
2485527
2490433
2496017
2502372
2509604
2517836
2527204
2537865
2550000
