1500001
1500002
1500003
1500004
1500005
1500006
1500007
1500009
1500010
1500011
1500013
1500015
1500017
1500019
1500022
1500025
1500028
1500032
1500037
1500042
1500048
1500055
1500062
1500071
1500081
1500092
1500105
1500119
1500136
1500155
1500176
1500201
1500228
1500260
1500296
1500337
1500383
1500436
1500497
1500565
1500644
1500733
1500834
1500949
1501080
1501229
1501399
1501593
1501813
1502063
1502348
1502672
1503041
1503461
1503940
1504484
1505103
1505808
1506610
1507523
1508562
1509744
1511090
1512621
1514364
1516348
1518606
1521175
1524100
1527428
1531216
1535527
1540433
1546017
1552372
1559604
1567836
1577204
1587865
1600000
