2300001
2300002
2300003
2300004
2300005
2300006
2300007
2300009
2300010
2300011
2300013
2300015
2300017
2300019
2300022
2300025
2300028
2300032
2300037
2300042
2300048
2300055
2300062
2300071
2300081
2300092
2300105
2300119
2300136
2300155
2300176
2300201
2300228
2300260
2300296
2300337
2300383
2300436
2300497
2300565
2300644
2300733
2300834
2300949
2301080
2301229
2301399
2301593
2301813
2302063
2302348
2302672
2303041
2303461
2303940
2304484
2305103
2305808
2306610
2307523
2308562
2309744
2311090
2312621
2314364
2316348
2318606
2321175
2324100
2327428
2331216
2335527
2340433
2346017
2352372
2359604
2367836
2377204
2387865
2400000
