750001
750002
750003
750004
750005
750006
750007
750009
750010
750011
750013
750015
750017
750019
750022
750025
750028
750032
750037
750042
750048
750055
750062
750071
750081
750092
750105
750119
750136
750155
750176
750201
750228
750260
750296
750337
750383
750436
750497
750565
750644
750733
750834
750949
751080
751229
751399
751593
751813
752063
752348
752672
753041
753461
753940
754484
755103
755808
756610
757523
758562
759744
761090
762621
764364
766348
768606
771175
774100
777428
781216
785527
790433
796017
802372
809604
817836
827204
837865
850000
