250001
250002
250003
250004
250005
250006
250007
250009
250010
250011
250013
250015
250017
250019
250022
250025
250028
250032
250037
250042
250048
250055
250062
250071
250081
250092
250105
250119
250136
250155
250176
250201
250228
250260
250296
250337
250383
250436
250497
250565
250644
250733
250834
250949
251080
251229
251399
251593
251813
252063
252348
252672
253041
253461
253940
254484
255103
255808
256610
257523
258562
259744
261090
262621
264364
266348
268606
271175
274100
277428
281216
285527
290433
296017
302372
309604
317836
327204
337865
350000
