1200001
1200002
1200003
1200004
1200005
1200006
1200007
1200009
1200010
1200011
1200013
1200015
1200017
1200019
1200022
1200025
1200028
1200032
1200037
1200042
1200048
1200055
1200062
1200071
1200081
1200092
1200105
1200119
1200136
1200155
1200176
1200201
1200228
1200260
1200296
1200337
1200383
1200436
1200497
1200565
1200644
1200733
1200834
1200949
1201080
1201229
1201399
1201593
1201813
1202063
1202348
1202672
1203041
1203461
1203940
1204484
1205103
1205808
1206610
1207523
1208562
1209744
1211090
1212621
1214364
1216348
1218606
1221175
1224100
1227428
1231216
1235527
1240433
1246017
1252372
1259604
1267836
1277204
1287865
1300000
