1050001
1050002
1050003
1050004
1050005
1050006
1050007
1050009
1050010
1050011
1050013
1050015
1050017
1050019
1050022
1050025
1050028
1050032
1050037
1050042
1050048
1050055
1050062
1050071
1050081
1050092
1050105
1050119
1050136
1050155
1050176
1050201
1050228
1050260
1050296
1050337
1050383
1050436
1050497
1050565
1050644
1050733
1050834
1050949
1051080
1051229
1051399
1051593
1051813
1052063
1052348
1052672
1053041
1053461
1053940
1054484
1055103
1055808
1056610
1057523
1058562
1059744
1061090
1062621
1064364
1066348
1068606
1071175
1074100
1077428
1081216
1085527
1090433
1096017
1102372
1109604
1117836
1127204
1137865
1150000
