1
2
3
4
5
6
8
9
11
13
15
18
21
24
29
34
40
47
55
65
76
89
105
123
145
170
200
235
276
324
381
447
525
617
725
851
1000
1174
1378
1619
1901
2232
2621
3078
3615
4245
4985
5853
6873
8071
9478
11130
13070
15347
18022
21163
24851
29182
34267
40239
47251
55486
65155
76510
89843
105500
123886
145475
170827
200597
235555
276605
324808
381412
447881
525932
617586
725212
851593
1000000
1000001
1000002
1000003
1000004
1000005
1000006
1000008
1000009
1000011
1000013
1000015
1000018
1000021
1000024
1000029
1000034
1000040
1000047
1000055
1000065
1000076
1000089
1000105
1000123
1000145
1000170
1000200
1000235
1000276
1000324
1000381
1000447
1000525
1000617
1000725
1000851
1001000
1001174
1001378
1001619
1001901
1002232
1002621
1003078
1003615
1004245
1004985
1005853
1006873
1008071
1009478
1011130
1013070
1015347
1018022
1021163
1024851
1029182
1034267
1040239
1047251
1055486
1065155
1076510
1089843
1105500
1123886
1145475
1170827
1200597
1235555
1276605
1324808
1381412
1447881
1525932
1617586
1725212
1851593
2000000
2000001
2000002
2000003
2000004
2000005
2000006
2000008
2000009
2000011
2000013
2000015
2000018
2000021
2000024
2000029
2000034
2000040
2000047
2000055
2000065
2000076
2000089
2000105
2000123
2000145
2000170
2000200
2000235
2000276
2000324
2000381
2000447
2000525
2000617
2000725
2000851
2001000
2001174
2001378
2001619
2001901
2002232
2002621
2003078
2003615
2004245
2004985
2005853
2006873
2008071
2009478
2011130
2013070
2015347
2018022
2021163
2024851
2029182
2034267
2040239
2047251
2055486
2065155
2076510
2089843
2105500
2123886
2145475
2170827
2200597
2235555
2276605
2324808
2381412
2447881
2525932
2617586
2725212
2851593
3000000
3000001
3000002
3000003
3000004
3000005
3000006
3000008
3000009
3000011
3000013
3000015
3000018
3000021
3000024
3000029
3000034
3000040
3000047
3000055
3000065
3000076
3000089
3000105
3000123
3000145
3000170
3000200
3000235
3000276
3000324
3000381
3000447
3000525
3000617
3000725
3000851
3001000
3001174
3001378
3001619
3001901
3002232
3002621
3003078
3003615
3004245
3004985
3005853
3006873
3008071
3009478
3011130
3013070
3015347
3018022
3021163
3024851
3029182
3034267
3040239
3047251
3055486
3065155
3076510
3089843
3105500
3123886
3145475
3170827
3200597
3235555
3276605
3324808
3381412
3447881
3525932
3617586
3725212
3851593
4000000
4000001
4000002
4000003
4000004
4000005
4000006
4000008
4000009
4000011
4000013
4000015
4000018
4000021
4000024
4000029
4000034
4000040
4000047
4000055
4000065
4000076
4000089
4000105
4000123
4000145
4000170
4000200
4000235
4000276
4000324
4000381
4000447
4000525
4000617
4000725
4000851
4001000
4001174
4001378
4001619
4001901
4002232
4002621
4003078
4003615
4004245
4004985
4005853
4006873
4008071
4009478
4011130
4013070
4015347
4018022
4021163
4024851
4029182
4034267
4040239
4047251
4055486
4065155
4076510
4089843
4105500
4123886
4145475
4170827
4200597
4235555
4276605
4324808
4381412
4447881
4525932
4617586
4725212
4851593
5000000
5000001
5000002
5000003
5000004
5000005
5000006
5000008
5000009
5000011
5000013
5000015
5000018
5000021
5000024
5000029
5000034
5000040
5000047
5000055
5000065
5000076
5000089
5000105
5000123
5000145
5000170
5000200
5000235
5000276
5000324
5000381
5000447
5000525
5000617
5000725
5000851
5001000
5001174
5001378
5001619
5001901
5002232
5002621
5003078
5003615
5004245
5004985
5005853
5006873
5008071
5009478
5011130
5013070
5015347
5018022
5021163
5024851
5029182
5034267
5040239
5047251
5055486
5065155
5076510
5089843
5105500
5123886
5145475
5170827
5200597
5235555
5276605
5324808
5381412
5447881
5525932
5617586
5725212
5851593
6000000
6000001
6000002
6000003
6000004
6000005
6000006
6000008
6000009
6000011
6000013
6000015
6000018
6000021
6000024
6000029
6000034
6000040
6000047
6000055
6000065
6000076
6000089
6000105
6000123
6000145
6000170
6000200
6000235
6000276
6000324
6000381
6000447
6000525
6000617
6000725
6000851
6001000
6001174
6001378
6001619
6001901
6002232
6002621
6003078
6003615
6004245
6004985
6005853
6006873
6008071
6009478
6011130
6013070
6015347
6018022
6021163
6024851
6029182
6034267
6040239
6047251
6055486
6065155
6076510
6089843
6105500
6123886
6145475
6170827
6200597
6235555
6276605
6324808
6381412
6447881
6525932
6617586
6725212
6851593
7000000
7000001
7000002
7000003
7000004
7000005
7000006
7000008
7000009
7000011
7000013
7000015
7000018
7000021
7000024
7000029
7000034
7000040
7000047
7000055
7000065
7000076
7000089
7000105
7000123
7000145
7000170
7000200
7000235
7000276
7000324
7000381
7000447
7000525
7000617
7000725
7000851
7001000
7001174
7001378
7001619
7001901
7002232
7002621
7003078
7003615
7004245
7004985
7005853
7006873
7008071
7009478
7011130
7013070
7015347
7018022
7021163
7024851
7029182
7034267
7040239
7047251
7055486
7065155
7076510
7089843
7105500
7123886
7145475
7170827
7200597
7235555
7276605
7324808
7381412
7447881
7525932
7617586
7725212
7851593
8000000
8000001
8000002
8000003
8000004
8000005
8000006
8000008
8000009
8000011
8000013
8000015
8000018
8000021
8000024
8000029
8000034
8000040
8000047
8000055
8000065
8000076
8000089
8000105
8000123
8000145
8000170
8000200
8000235
8000276
8000324
8000381
8000447
8000525
8000617
8000725
8000851
8001000
8001174
8001378
8001619
8001901
8002232
8002621
8003078
8003615
8004245
8004985
8005853
8006873
8008071
8009478
8011130
8013070
8015347
8018022
8021163
8024851
8029182
8034267
8040239
8047251
8055486
8065155
8076510
8089843
8105500
8123886
8145475
8170827
8200597
8235555
8276605
8324808
8381412
8447881
8525932
8617586
8725212
8851593
9000000
9000001
9000002
9000003
9000004
9000005
9000006
9000008
9000009
9000011
9000013
9000015
9000018
9000021
9000024
9000029
9000034
9000040
9000047
9000055
9000065
9000076
9000089
9000105
9000123
9000145
9000170
9000200
9000235
9000276
9000324
9000381
9000447
9000525
9000617
9000725
9000851
9001000
9001174
9001378
9001619
9001901
9002232
9002621
9003078
9003615
9004245
9004985
9005853
9006873
9008071
9009478
9011130
9013070
9015347
9018022
9021163
9024851
9029182
9034267
9040239
9047251
9055486
9065155
9076510
9089843
9105500
9123886
9145475
9170827
9200597
9235555
9276605
9324808
9381412
9447881
9525932
9617586
9725212
9851593
10000000
10000001
10000002
10000003
10000004
10000005
10000006
10000008
10000009
10000011
10000013
10000015
10000018
10000021
10000024
10000029
10000034
10000040
10000047
10000055
10000065
10000076
10000089
10000105
10000123
10000145
10000170
10000200
10000235
10000276
10000324
10000381
10000447
10000525
10000617
10000725
10000851
10001000
10001174
10001378
10001619
10001901
10002232
10002621
10003078
10003615
10004245
10004985
10005853
10006873
10008071
10009478
10011130
10013070
10015347
10018022
10021163
10024851
10029182
10034267
10040239
10047251
10055486
10065155
10076510
10089843
10105500
10123886
10145475
10170827
10200597
10235555
10276605
10324808
10381412
10447881
10525932
10617586
10725212
10851593
11000000
11000001
11000002
11000003
11000004
11000005
11000006
11000008
11000009
11000011
11000013
11000015
11000018
11000021
11000024
11000029
11000034
11000040
11000047
11000055
11000065
11000076
11000089
11000105
11000123
11000145
11000170
11000200
11000235
11000276
11000324
11000381
11000447
11000525
11000617
11000725
11000851
11001000
11001174
11001378
11001619
11001901
11002232
11002621
11003078
11003615
11004245
11004985
11005853
11006873
11008071
11009478
11011130
11013070
11015347
11018022
11021163
11024851
11029182
11034267
11040239
11047251
11055486
11065155
11076510
11089843
11105500
11123886
11145475
11170827
11200597
11235555
11276605
11324808
11381412
11447881
11525932
11617586
11725212
11851593
12000000
12000001
12000002
12000003
12000004
12000005
12000006
12000008
12000009
12000011
12000013
12000015
12000018
12000021
12000024
12000029
12000034
12000040
12000047
12000055
12000065
12000076
12000089
12000105
12000123
12000145
12000170
12000200
12000235
12000276
12000324
12000381
12000447
12000525
12000617
12000725
12000851
12001000
12001174
12001378
12001619
12001901
12002232
12002621
12003078
12003615
12004245
12004985
12005853
12006873
12008071
12009478
12011130
12013070
12015347
12018022
12021163
12024851
12029182
12034267
12040239
12047251
12055486
12065155
12076510
12089843
12105500
12123886
12145475
12170827
12200597
12235555
12276605
12324808
12381412
12447881
12525932
12617586
12725212
12851593
13000000
13000001
13000002
13000003
13000004
13000005
13000006
13000008
13000009
13000011
13000013
13000015
13000018
13000021
13000024
13000029
13000034
13000040
13000047
13000055
13000065
13000076
13000089
13000105
13000123
13000145
13000170
13000200
13000235
13000276
13000324
13000381
13000447
13000525
13000617
13000725
13000851
13001000
13001174
13001378
13001619
13001901
13002232
13002621
13003078
13003615
13004245
13004985
13005853
13006873
13008071
13009478
13011130
13013070
13015347
13018022
13021163
13024851
13029182
13034267
13040239
13047251
13055486
13065155
13076510
13089843
13105500
13123886
13145475
13170827
13200597
13235555
13276605
13324808
13381412
13447881
13525932
13617586
13725212
13851593
14000000
14000001
14000002
14000003
14000004
14000005
14000006
14000008
14000009
14000011
14000013
14000015
14000018
14000021
14000024
14000029
14000034
14000040
14000047
14000055
14000065
14000076
14000089
14000105
14000123
14000145
14000170
14000200
14000235
14000276
14000324
14000381
14000447
14000525
14000617
14000725
14000851
14001000
14001174
14001378
14001619
14001901
14002232
14002621
14003078
14003615
14004245
14004985
14005853
14006873
14008071
14009478
14011130
14013070
14015347
14018022
14021163
14024851
14029182
14034267
14040239
14047251
14055486
14065155
14076510
14089843
14105500
14123886
14145475
14170827
14200597
14235555
14276605
14324808
14381412
14447881
14525932
14617586
14725212
14851593
15000000
15000001
15000002
15000003
15000004
15000005
15000006
15000008
15000009
15000011
15000013
15000015
15000018
15000021
15000024
15000029
15000034
15000040
15000047
15000055
15000065
15000076
15000089
15000105
15000123
15000145
15000170
15000200
15000235
15000276
15000324
15000381
15000447
15000525
15000617
15000725
15000851
15001000
15001174
15001378
15001619
15001901
15002232
15002621
15003078
15003615
15004245
15004985
15005853
15006873
15008071
15009478
15011130
15013070
15015347
15018022
15021163
15024851
15029182
15034267
15040239
15047251
15055486
15065155
15076510
15089843
15105500
15123886
15145475
15170827
15200597
15235555
15276605
15324808
15381412
15447881
15525932
15617586
15725212
15851593
16000000
16000001
16000002
16000003
16000004
16000005
16000006
16000008
16000009
16000011
16000013
16000015
16000018
16000021
16000024
16000029
16000034
16000040
16000047
16000055
16000065
16000076
16000089
16000105
16000123
16000145
16000170
16000200
16000235
16000276
16000324
16000381
16000447
16000525
16000617
16000725
16000851
16001000
16001174
16001378
16001619
16001901
16002232
16002621
16003078
16003615
16004245
16004985
16005853
16006873
16008071
16009478
16011130
16013070
16015347
16018022
16021163
16024851
16029182
16034267
16040239
16047251
16055486
16065155
16076510
16089843
16105500
16123886
16145475
16170827
16200597
16235555
16276605
16324808
16381412
16447881
16525932
16617586
16725212
16851593
17000000
17000001
17000002
17000003
17000004
17000005
17000006
17000008
17000009
17000011
17000013
17000015
17000018
17000021
17000024
17000029
17000034
17000040
17000047
17000055
17000065
17000076
17000089
17000105
17000123
17000145
17000170
17000200
17000235
17000276
17000324
17000381
17000447
17000525
17000617
17000725
17000851
17001000
17001174
17001378
17001619
17001901
17002232
17002621
17003078
17003615
17004245
17004985
17005853
17006873
17008071
17009478
17011130
17013070
17015347
17018022
17021163
17024851
17029182
17034267
17040239
17047251
17055486
17065155
17076510
17089843
17105500
17123886
17145475
17170827
17200597
17235555
17276605
17324808
17381412
17447881
17525932
17617586
17725212
17851593
18000000
18000001
18000002
18000003
18000004
18000005
18000006
18000008
18000009
18000011
18000013
18000015
18000018
18000021
18000024
18000029
18000034
18000040
18000047
18000055
18000065
18000076
18000089
18000105
18000123
18000145
18000170
18000200
18000235
18000276
18000324
18000381
18000447
18000525
18000617
18000725
18000851
18001000
18001174
18001378
18001619
18001901
18002232
18002621
18003078
18003615
18004245
18004985
18005853
18006873
18008071
18009478
18011130
18013070
18015347
18018022
18021163
18024851
18029182
18034267
18040239
18047251
18055486
18065155
18076510
18089843
18105500
18123886
18145475
18170827
18200597
18235555
18276605
18324808
18381412
18447881
18525932
18617586
18725212
18851593
19000000
19000001
19000002
19000003
19000004
19000005
19000006
19000008
19000009
19000011
19000013
19000015
19000018
19000021
19000024
19000029
19000034
19000040
19000047
19000055
19000065
19000076
19000089
19000105
19000123
19000145
19000170
19000200
19000235
19000276
19000324
19000381
19000447
19000525
19000617
19000725
19000851
19001000
19001174
19001378
19001619
19001901
19002232
19002621
19003078
19003615
19004245
19004985
19005853
19006873
19008071
19009478
19011130
19013070
19015347
19018022
19021163
19024851
19029182
19034267
19040239
19047251
19055486
19065155
19076510
19089843
19105500
19123886
19145475
19170827
19200597
19235555
19276605
19324808
19381412
19447881
19525932
19617586
19725212
19851593
20000000
20000001
20000002
20000003
20000004
20000005
20000006
20000008
20000009
20000011
20000013
20000015
20000018
20000021
20000024
20000029
20000034
20000040
20000047
20000055
20000065
20000076
20000089
20000105
20000123
20000145
20000170
20000200
20000235
20000276
20000324
20000381
20000447
20000525
20000617
20000725
20000851
20001000
20001174
20001378
20001619
20001901
20002232
20002621
20003078
20003615
20004245
20004985
20005853
20006873
20008071
20009478
20011130
20013070
20015347
20018022
20021163
20024851
20029182
20034267
20040239
20047251
20055486
20065155
20076510
20089843
20105500
20123886
20145475
20170827
20200597
20235555
20276605
20324808
20381412
20447881
20525932
20617586
20725212
20851593
21000000
21000001
21000002
21000003
21000004
21000005
21000006
21000008
21000009
21000011
21000013
21000015
21000018
21000021
21000024
21000029
21000034
21000040
21000047
21000055
21000065
21000076
21000089
21000105
21000123
21000145
21000170
21000200
21000235
21000276
21000324
21000381
21000447
21000525
21000617
21000725
21000851
21001000
21001174
21001378
21001619
21001901
21002232
21002621
21003078
21003615
21004245
21004985
21005853
21006873
21008071
21009478
21011130
21013070
21015347
21018022
21021163
21024851
21029182
21034267
21040239
21047251
21055486
21065155
21076510
21089843
21105500
21123886
21145475
21170827
21200597
21235555
21276605
21324808
21381412
21447881
21525932
21617586
21725212
21851593
22000000
22000001
22000002
22000003
22000004
22000005
22000006
22000008
22000009
22000011
22000013
22000015
22000018
22000021
22000024
22000029
22000034
22000040
22000047
22000055
22000065
22000076
22000089
22000105
22000123
22000145
22000170
22000200
22000235
22000276
22000324
22000381
22000447
22000525
22000617
22000725
22000851
22001000
22001174
22001378
22001619
22001901
22002232
22002621
22003078
22003615
22004245
22004985
22005853
22006873
22008071
22009478
22011130
22013070
22015347
22018022
22021163
22024851
22029182
22034267
22040239
22047251
22055486
22065155
22076510
22089843
22105500
22123886
22145475
22170827
22200597
22235555
22276605
22324808
22381412
22447881
22525932
22617586
22725212
22851593
23000000
23000001
23000002
23000003
23000004
23000005
23000006
23000008
23000009
23000011
23000013
23000015
23000018
23000021
23000024
23000029
23000034
23000040
23000047
23000055
23000065
23000076
23000089
23000105
23000123
23000145
23000170
23000200
23000235
23000276
23000324
23000381
23000447
23000525
23000617
23000725
23000851
23001000
23001174
23001378
23001619
23001901
23002232
23002621
23003078
23003615
23004245
23004985
23005853
23006873
23008071
23009478
23011130
23013070
23015347
23018022
23021163
23024851
23029182
23034267
23040239
23047251
23055486
23065155
23076510
23089843
23105500
23123886
23145475
23170827
23200597
23235555
23276605
23324808
23381412
23447881
23525932
23617586
23725212
23851593
24000000
24000001
24000002
24000003
24000004
24000005
24000006
24000008
24000009
24000011
24000013
24000015
24000018
24000021
24000024
24000029
24000034
24000040
24000047
24000055
24000065
24000076
24000089
24000105
24000123
24000145
24000170
24000200
24000235
24000276
24000324
24000381
24000447
24000525
24000617
24000725
24000851
24001000
24001174
24001378
24001619
24001901
24002232
24002621
24003078
24003615
24004245
24004985
24005853
24006873
24008071
24009478
24011130
24013070
24015347
24018022
24021163
24024851
24029182
24034267
24040239
24047251
24055486
24065155
24076510
24089843
24105500
24123886
24145475
24170827
24200597
24235555
24276605
24324808
24381412
24447881
24525932
24617586
24725212
24851593
25000000
25000001
25000002
25000003
25000004
25000005
25000006
25000008
25000009
25000011
25000013
25000015
25000018
25000021
25000024
25000029
25000034
25000040
25000047
25000055
25000065
25000076
25000089
25000105
25000123
25000145
25000170
25000200
25000235
25000276
25000324
25000381
25000447
25000525
25000617
25000725
25000851
25001000
25001174
25001378
25001619
25001901
25002232
25002621
25003078
25003615
25004245
25004985
25005853
25006873
25008071
25009478
25011130
25013070
25015347
25018022
25021163
25024851
25029182
25034267
25040239
25047251
25055486
25065155
25076510
25089843
25105500
25123886
25145475
25170827
25200597
25235555
25276605
25324808
25381412
25447881
25525932
25617586
25725212
25851593
26000000
26000001
26000002
26000003
26000004
26000005
26000006
26000008
26000009
26000011
26000013
26000015
26000018
26000021
26000024
26000029
26000034
26000040
26000047
26000055
26000065
26000076
26000089
26000105
26000123
26000145
26000170
26000200
26000235
26000276
26000324
26000381
26000447
26000525
26000617
26000725
26000851
26001000
26001174
26001378
26001619
26001901
26002232
26002621
26003078
26003615
26004245
26004985
26005853
26006873
26008071
26009478
26011130
26013070
26015347
26018022
26021163
26024851
26029182
26034267
26040239
26047251
26055486
26065155
26076510
26089843
26105500
26123886
26145475
26170827
26200597
26235555
26276605
26324808
26381412
26447881
26525932
26617586
26725212
26851593
27000000
27000001
27000002
27000003
27000004
27000005
27000006
27000008
27000009
27000011
27000013
27000015
27000018
27000021
27000024
27000029
27000034
27000040
27000047
27000055
27000065
27000076
27000089
27000105
27000123
27000145
27000170
27000200
27000235
27000276
27000324
27000381
27000447
27000525
27000617
27000725
27000851
27001000
27001174
27001378
27001619
27001901
27002232
27002621
27003078
27003615
27004245
27004985
27005853
27006873
27008071
27009478
27011130
27013070
27015347
27018022
27021163
27024851
27029182
27034267
27040239
27047251
27055486
27065155
27076510
27089843
27105500
27123886
27145475
27170827
27200597
27235555
27276605
27324808
27381412
27447881
27525932
27617586
27725212
27851593
28000000
28000001
28000002
28000003
28000004
28000005
28000006
28000008
28000009
28000011
28000013
28000015
28000018
28000021
28000024
28000029
28000034
28000040
28000047
28000055
28000065
28000076
28000089
28000105
28000123
28000145
28000170
28000200
28000235
28000276
28000324
28000381
28000447
28000525
28000617
28000725
28000851
28001000
28001174
28001378
28001619
28001901
28002232
28002621
28003078
28003615
28004245
28004985
28005853
28006873
28008071
28009478
28011130
28013070
28015347
28018022
28021163
28024851
28029182
28034267
28040239
28047251
28055486
28065155
28076510
28089843
28105500
28123886
28145475
28170827
28200597
28235555
28276605
28324808
28381412
28447881
28525932
28617586
28725212
28851593
29000000
29000001
29000002
29000003
29000004
29000005
29000006
29000008
29000009
29000011
29000013
29000015
29000018
29000021
29000024
29000029
29000034
29000040
29000047
29000055
29000065
29000076
29000089
29000105
29000123
29000145
29000170
29000200
29000235
29000276
29000324
29000381
29000447
29000525
29000617
29000725
29000851
29001000
29001174
29001378
29001619
29001901
29002232
29002621
29003078
29003615
29004245
29004985
29005853
29006873
29008071
29009478
29011130
29013070
29015347
29018022
29021163
29024851
29029182
29034267
29040239
29047251
29055486
29065155
29076510
29089843
29105500
29123886
29145475
29170827
29200597
29235555
29276605
29324808
29381412
29447881
29525932
29617586
29725212
29851593
30000000
30000001
30000002
30000003
30000004
30000005
30000006
30000008
30000009
30000011
30000013
30000015
30000018
30000021
30000024
30000029
30000034
30000040
30000047
30000055
30000065
30000076
30000089
30000105
30000123
30000145
30000170
30000200
30000235
30000276
30000324
30000381
30000447
30000525
30000617
30000725
30000851
30001000
30001174
30001378
30001619
30001901
30002232
30002621
30003078
30003615
30004245
30004985
30005853
30006873
30008071
30009478
30011130
30013070
30015347
30018022
30021163
30024851
30029182
30034267
30040239
30047251
30055486
30065155
30076510
30089843
30105500
30123886
30145475
30170827
30200597
30235555
30276605
30324808
30381412
30447881
30525932
30617586
30725212
30851593
31000000
31000001
31000002
31000003
31000004
31000005
31000006
31000008
31000009
31000011
31000013
31000015
31000018
31000021
31000024
31000029
31000034
31000040
31000047
31000055
31000065
31000076
31000089
31000105
31000123
31000145
31000170
31000200
31000235
31000276
31000324
31000381
31000447
31000525
31000617
31000725
31000851
31001000
31001174
31001378
31001619
31001901
31002232
31002621
31003078
31003615
31004245
31004985
31005853
31006873
31008071
31009478
31011130
31013070
31015347
31018022
31021163
31024851
31029182
31034267
31040239
31047251
31055486
31065155
31076510
31089843
31105500
31123886
31145475
31170827
31200597
31235555
31276605
31324808
31381412
31447881
31525932
31617586
31725212
31851593
32000000
32000001
32000002
32000003
32000004
32000005
32000006
32000008
32000009
32000011
32000013
32000015
32000018
32000021
32000024
32000029
32000034
32000040
32000047
32000055
32000065
32000076
32000089
32000105
32000123
32000145
32000170
32000200
32000235
32000276
32000324
32000381
32000447
32000525
32000617
32000725
32000851
32001000
32001174
32001378
32001619
32001901
32002232
32002621
32003078
32003615
32004245
32004985
32005853
32006873
32008071
32009478
32011130
32013070
32015347
32018022
32021163
32024851
32029182
32034267
32040239
32047251
32055486
32065155
32076510
32089843
32105500
32123886
32145475
32170827
32200597
32235555
32276605
32324808
32381412
32447881
32525932
32617586
32725212
32851593
33000000
33000001
33000002
33000003
33000004
33000005
33000006
33000008
33000009
33000011
33000013
33000015
33000018
33000021
33000024
33000029
33000034
33000040
33000047
33000055
33000065
33000076
33000089
33000105
33000123
33000145
33000170
33000200
33000235
33000276
33000324
33000381
33000447
33000525
33000617
33000725
33000851
33001000
33001174
33001378
33001619
33001901
33002232
33002621
33003078
33003615
33004245
33004985
33005853
33006873
33008071
33009478
33011130
33013070
33015347
33018022
33021163
33024851
33029182
33034267
33040239
33047251
33055486
33065155
33076510
33089843
33105500
33123886
33145475
33170827
33200597
33235555
33276605
33324808
33381412
33447881
33525932
33617586
33725212
33851593
34000000
34000001
34000002
34000003
34000004
34000005
34000006
34000008
34000009
34000011
34000013
34000015
34000018
34000021
34000024
34000029
34000034
34000040
34000047
34000055
34000065
34000076
34000089
34000105
34000123
34000145
34000170
34000200
34000235
34000276
34000324
34000381
34000447
34000525
34000617
34000725
34000851
34001000
34001174
34001378
34001619
34001901
34002232
34002621
34003078
34003615
34004245
34004985
34005853
34006873
34008071
34009478
34011130
34013070
34015347
34018022
34021163
34024851
34029182
34034267
34040239
34047251
34055486
34065155
34076510
34089843
34105500
34123886
34145475
34170827
34200597
34235555
34276605
34324808
34381412
34447881
34525932
34617586
34725212
34851593
35000000
35000001
35000002
35000003
35000004
35000005
35000006
35000008
35000009
35000011
35000013
35000015
35000018
35000021
35000024
35000029
35000034
35000040
35000047
35000055
35000065
35000076
35000089
35000105
35000123
35000145
35000170
35000200
35000235
35000276
35000324
35000381
35000447
35000525
35000617
35000725
35000851
35001000
35001174
35001378
35001619
35001901
35002232
35002621
35003078
35003615
35004245
35004985
35005853
35006873
35008071
35009478
35011130
35013070
35015347
35018022
35021163
35024851
35029182
35034267
35040239
35047251
35055486
35065155
35076510
35089843
35105500
35123886
35145475
35170827
35200597
35235555
35276605
35324808
35381412
35447881
35525932
35617586
35725212
35851593
36000000
36000001
36000002
36000003
36000004
36000005
36000006
36000008
36000009
36000011
36000013
36000015
36000018
36000021
36000024
36000029
36000034
36000040
36000047
36000055
36000065
36000076
36000089
36000105
36000123
36000145
36000170
36000200
36000235
36000276
36000324
36000381
36000447
36000525
36000617
36000725
36000851
36001000
36001174
36001378
36001619
36001901
36002232
36002621
36003078
36003615
36004245
36004985
36005853
36006873
36008071
36009478
36011130
36013070
36015347
36018022
36021163
36024851
36029182
36034267
36040239
36047251
36055486
36065155
36076510
36089843
36105500
36123886
36145475
36170827
36200597
36235555
36276605
36324808
36381412
36447881
36525932
36617586
36725212
36851593
37000000
37000001
37000002
37000003
37000004
37000005
37000006
37000008
37000009
37000011
37000013
37000015
37000018
37000021
37000024
37000029
37000034
37000040
37000047
37000055
37000065
37000076
37000089
37000105
37000123
37000145
37000170
37000200
37000235
37000276
37000324
37000381
37000447
37000525
37000617
37000725
37000851
37001000
37001174
37001378
37001619
37001901
37002232
37002621
37003078
37003615
37004245
37004985
37005853
37006873
37008071
37009478
37011130
37013070
37015347
37018022
37021163
37024851
37029182
37034267
37040239
37047251
37055486
37065155
37076510
37089843
37105500
37123886
37145475
37170827
37200597
37235555
37276605
37324808
37381412
37447881
37525932
37617586
37725212
37851593
38000000
38000001
38000002
38000003
38000004
38000005
38000006
38000008
38000009
38000011
38000013
38000015
38000018
38000021
38000024
38000029
38000034
38000040
38000047
38000055
38000065
38000076
38000089
38000105
38000123
38000145
38000170
38000200
38000235
38000276
38000324
38000381
38000447
38000525
38000617
38000725
38000851
38001000
38001174
38001378
38001619
38001901
38002232
38002621
38003078
38003615
38004245
38004985
38005853
38006873
38008071
38009478
38011130
38013070
38015347
38018022
38021163
38024851
38029182
38034267
38040239
38047251
38055486
38065155
38076510
38089843
38105500
38123886
38145475
38170827
38200597
38235555
38276605
38324808
38381412
38447881
38525932
38617586
38725212
38851593
39000000
39000001
39000002
39000003
39000004
39000005
39000006
39000008
39000009
39000011
39000013
39000015
39000018
39000021
39000024
39000029
39000034
39000040
39000047
39000055
39000065
39000076
39000089
39000105
39000123
39000145
39000170
39000200
39000235
39000276
39000324
39000381
39000447
39000525
39000617
39000725
39000851
39001000
39001174
39001378
39001619
39001901
39002232
39002621
39003078
39003615
39004245
39004985
39005853
39006873
39008071
39009478
39011130
39013070
39015347
39018022
39021163
39024851
39029182
39034267
39040239
39047251
39055486
39065155
39076510
39089843
39105500
39123886
39145475
39170827
39200597
39235555
39276605
39324808
39381412
39447881
39525932
39617586
39725212
39851593
40000000
40000001
40000002
40000003
40000004
40000005
40000006
40000008
40000009
40000011
40000013
40000015
40000018
40000021
40000024
40000029
40000034
40000040
40000047
40000055
40000065
40000076
40000089
40000105
40000123
40000145
40000170
40000200
40000235
40000276
40000324
40000381
40000447
40000525
40000617
40000725
40000851
40001000
40001174
40001378
40001619
40001901
40002232
40002621
40003078
40003615
40004245
40004985
40005853
40006873
40008071
40009478
40011130
40013070
40015347
40018022
40021163
40024851
40029182
40034267
40040239
40047251
40055486
40065155
40076510
40089843
40105500
40123886
40145475
40170827
40200597
40235555
40276605
40324808
40381412
40447881
40525932
40617586
40725212
40851593
41000000
41000001
41000002
41000003
41000004
41000005
41000006
41000008
41000009
41000011
41000013
41000015
41000018
41000021
41000024
41000029
41000034
41000040
41000047
41000055
41000065
41000076
41000089
41000105
41000123
41000145
41000170
41000200
41000235
41000276
41000324
41000381
41000447
41000525
41000617
41000725
41000851
41001000
41001174
41001378
41001619
41001901
41002232
41002621
41003078
41003615
41004245
41004985
41005853
41006873
41008071
41009478
41011130
41013070
41015347
41018022
41021163
41024851
41029182
41034267
41040239
41047251
41055486
41065155
41076510
41089843
41105500
41123886
41145475
41170827
41200597
41235555
41276605
41324808
41381412
41447881
41525932
41617586
41725212
41851593
42000000
42000001
42000002
42000003
42000004
42000005
42000006
42000008
42000009
42000011
42000013
42000015
42000018
42000021
42000024
42000029
42000034
42000040
42000047
42000055
42000065
42000076
42000089
42000105
42000123
42000145
42000170
42000200
42000235
42000276
42000324
42000381
42000447
42000525
42000617
42000725
42000851
42001000
42001174
42001378
42001619
42001901
42002232
42002621
42003078
42003615
42004245
42004985
42005853
42006873
42008071
42009478
42011130
42013070
42015347
42018022
42021163
42024851
42029182
42034267
42040239
42047251
42055486
42065155
42076510
42089843
42105500
42123886
42145475
42170827
42200597
42235555
42276605
42324808
42381412
42447881
42525932
42617586
42725212
42851593
43000000
43000001
43000002
43000003
43000004
43000005
43000006
43000008
43000009
43000011
43000013
43000015
43000018
43000021
43000024
43000029
43000034
43000040
43000047
43000055
43000065
43000076
43000089
43000105
43000123
43000145
43000170
43000200
43000235
43000276
43000324
43000381
43000447
43000525
43000617
43000725
43000851
43001000
43001174
43001378
43001619
43001901
43002232
43002621
43003078
43003615
43004245
43004985
43005853
43006873
43008071
43009478
43011130
43013070
43015347
43018022
43021163
43024851
43029182
43034267
43040239
43047251
43055486
43065155
43076510
43089843
43105500
43123886
43145475
43170827
43200597
43235555
43276605
43324808
43381412
43447881
43525932
43617586
43725212
43851593
44000000
44000001
44000002
44000003
44000004
44000005
44000006
44000008
44000009
44000011
44000013
44000015
44000018
44000021
44000024
44000029
44000034
44000040
44000047
44000055
44000065
44000076
44000089
44000105
44000123
44000145
44000170
44000200
44000235
44000276
44000324
44000381
44000447
44000525
44000617
44000725
44000851
44001000
44001174
44001378
44001619
44001901
44002232
44002621
44003078
44003615
44004245
44004985
44005853
44006873
44008071
44009478
44011130
44013070
44015347
44018022
44021163
44024851
44029182
44034267
44040239
44047251
44055486
44065155
44076510
44089843
44105500
44123886
44145475
44170827
44200597
44235555
44276605
44324808
44381412
44447881
44525932
44617586
44725212
44851593
45000000
45000001
45000002
45000003
45000004
45000005
45000006
45000008
45000009
45000011
45000013
45000015
45000018
45000021
45000024
45000029
45000034
45000040
45000047
45000055
45000065
45000076
45000089
45000105
45000123
45000145
45000170
45000200
45000235
45000276
45000324
45000381
45000447
45000525
45000617
45000725
45000851
45001000
45001174
45001378
45001619
45001901
45002232
45002621
45003078
45003615
45004245
45004985
45005853
45006873
45008071
45009478
45011130
45013070
45015347
45018022
45021163
45024851
45029182
45034267
45040239
45047251
45055486
45065155
45076510
45089843
45105500
45123886
45145475
45170827
45200597
45235555
45276605
45324808
45381412
45447881
45525932
45617586
45725212
45851593
46000000
46000001
46000002
46000003
46000004
46000005
46000006
46000008
46000009
46000011
46000013
46000015
46000018
46000021
46000024
46000029
46000034
46000040
46000047
46000055
46000065
46000076
46000089
46000105
46000123
46000145
46000170
46000200
46000235
46000276
46000324
46000381
46000447
46000525
46000617
46000725
46000851
46001000
46001174
46001378
46001619
46001901
46002232
46002621
46003078
46003615
46004245
46004985
46005853
46006873
46008071
46009478
46011130
46013070
46015347
46018022
46021163
46024851
46029182
46034267
46040239
46047251
46055486
46065155
46076510
46089843
46105500
46123886
46145475
46170827
46200597
46235555
46276605
46324808
46381412
46447881
46525932
46617586
46725212
46851593
47000000
47000001
47000002
47000003
47000004
47000005
47000006
47000008
47000009
47000011
47000013
47000015
47000018
47000021
47000024
47000029
47000034
47000040
47000047
47000055
47000065
47000076
47000089
47000105
47000123
47000145
47000170
47000200
47000235
47000276
47000324
47000381
47000447
47000525
47000617
47000725
47000851
47001000
47001174
47001378
47001619
47001901
47002232
47002621
47003078
47003615
47004245
47004985
47005853
47006873
47008071
47009478
47011130
47013070
47015347
47018022
47021163
47024851
47029182
47034267
47040239
47047251
47055486
47065155
47076510
47089843
47105500
47123886
47145475
47170827
47200597
47235555
47276605
47324808
47381412
47447881
47525932
47617586
47725212
47851593
48000000
48000001
48000002
48000003
48000004
48000005
48000006
48000008
48000009
48000011
48000013
48000015
48000018
48000021
48000024
48000029
48000034
48000040
48000047
48000055
48000065
48000076
48000089
48000105
48000123
48000145
48000170
48000200
48000235
48000276
48000324
48000381
48000447
48000525
48000617
48000725
48000851
48001000
48001174
48001378
48001619
48001901
48002232
48002621
48003078
48003615
48004245
48004985
48005853
48006873
48008071
48009478
48011130
48013070
48015347
48018022
48021163
48024851
48029182
48034267
48040239
48047251
48055486
48065155
48076510
48089843
48105500
48123886
48145475
48170827
48200597
48235555
48276605
48324808
48381412
48447881
48525932
48617586
48725212
48851593
49000000
49000001
49000002
49000003
49000004
49000005
49000006
49000008
49000009
49000011
49000013
49000015
49000018
49000021
49000024
49000029
49000034
49000040
49000047
49000055
49000065
49000076
49000089
49000105
49000123
49000145
49000170
49000200
49000235
49000276
49000324
49000381
49000447
49000525
49000617
49000725
49000851
49001000
49001174
49001378
49001619
49001901
49002232
49002621
49003078
49003615
49004245
49004985
49005853
49006873
49008071
49009478
49011130
49013070
49015347
49018022
49021163
49024851
49029182
49034267
49040239
49047251
49055486
49065155
49076510
49089843
49105500
49123886
49145475
49170827
49200597
49235555
49276605
49324808
49381412
49447881
49525932
49617586
49725212
49851593
50000000
