25000001
25000002
25000003
25000004
25000005
25000006
25000008
25000009
25000011
25000013
25000015
25000018
25000021
25000024
25000029
25000034
25000040
25000047
25000055
25000065
25000076
25000089
25000105
25000123
25000145
25000170
25000200
25000235
25000276
25000324
25000381
25000447
25000525
25000617
25000725
25000851
25001000
25001174
25001378
25001619
25001901
25002232
25002621
25003078
25003615
25004245
25004985
25005853
25006873
25008071
25009478
25011130
25013070
25015347
25018022
25021163
25024851
25029182
25034267
25040239
25047251
25055486
25065155
25076510
25089843
25105500
25123886
25145475
25170827
25200597
25235555
25276605
25324808
25381412
25447881
25525932
25617586
25725212
25851593
26000000
