21000001
21000002
21000003
21000004
21000005
21000006
21000008
21000009
21000011
21000013
21000015
21000018
21000021
21000024
21000029
21000034
21000040
21000047
21000055
21000065
21000076
21000089
21000105
21000123
21000145
21000170
21000200
21000235
21000276
21000324
21000381
21000447
21000525
21000617
21000725
21000851
21001000
21001174
21001378
21001619
21001901
21002232
21002621
21003078
21003615
21004245
21004985
21005853
21006873
21008071
21009478
21011130
21013070
21015347
21018022
21021163
21024851
21029182
21034267
21040239
21047251
21055486
21065155
21076510
21089843
21105500
21123886
21145475
21170827
21200597
21235555
21276605
21324808
21381412
21447881
21525932
21617586
21725212
21851593
22000000
