49000001
49000002
49000003
49000004
49000005
49000006
49000008
49000009
49000011
49000013
49000015
49000018
49000021
49000024
49000029
49000034
49000040
49000047
49000055
49000065
49000076
49000089
49000105
49000123
49000145
49000170
49000200
49000235
49000276
49000324
49000381
49000447
49000525
49000617
49000725
49000851
49001000
49001174
49001378
49001619
49001901
49002232
49002621
49003078
49003615
49004245
49004985
49005853
49006873
49008071
49009478
49011130
49013070
49015347
49018022
49021163
49024851
49029182
49034267
49040239
49047251
49055486
49065155
49076510
49089843
49105500
49123886
49145475
49170827
49200597
49235555
49276605
49324808
49381412
49447881
49525932
49617586
49725212
49851593
50000000
