26000001
26000002
26000003
26000004
26000005
26000006
26000008
26000009
26000011
26000013
26000015
26000018
26000021
26000024
26000029
26000034
26000040
26000047
26000055
26000065
26000076
26000089
26000105
26000123
26000145
26000170
26000200
26000235
26000276
26000324
26000381
26000447
26000525
26000617
26000725
26000851
26001000
26001174
26001378
26001619
26001901
26002232
26002621
26003078
26003615
26004245
26004985
26005853
26006873
26008071
26009478
26011130
26013070
26015347
26018022
26021163
26024851
26029182
26034267
26040239
26047251
26055486
26065155
26076510
26089843
26105500
26123886
26145475
26170827
26200597
26235555
26276605
26324808
26381412
26447881
26525932
26617586
26725212
26851593
27000000
