28000001
28000002
28000003
28000004
28000005
28000006
28000008
28000009
28000011
28000013
28000015
28000018
28000021
28000024
28000029
28000034
28000040
28000047
28000055
28000065
28000076
28000089
28000105
28000123
28000145
28000170
28000200
28000235
28000276
28000324
28000381
28000447
28000525
28000617
28000725
28000851
28001000
28001174
28001378
28001619
28001901
28002232
28002621
28003078
28003615
28004245
28004985
28005853
28006873
28008071
28009478
28011130
28013070
28015347
28018022
28021163
28024851
28029182
28034267
28040239
28047251
28055486
28065155
28076510
28089843
28105500
28123886
28145475
28170827
28200597
28235555
28276605
28324808
28381412
28447881
28525932
28617586
28725212
28851593
29000000
