46000001
46000002
46000003
46000004
46000005
46000006
46000008
46000009
46000011
46000013
46000015
46000018
46000021
46000024
46000029
46000034
46000040
46000047
46000055
46000065
46000076
46000089
46000105
46000123
46000145
46000170
46000200
46000235
46000276
46000324
46000381
46000447
46000525
46000617
46000725
46000851
46001000
46001174
46001378
46001619
46001901
46002232
46002621
46003078
46003615
46004245
46004985
46005853
46006873
46008071
46009478
46011130
46013070
46015347
46018022
46021163
46024851
46029182
46034267
46040239
46047251
46055486
46065155
46076510
46089843
46105500
46123886
46145475
46170827
46200597
46235555
46276605
46324808
46381412
46447881
46525932
46617586
46725212
46851593
47000000
