33000001
33000002
33000003
33000004
33000005
33000006
33000008
33000009
33000011
33000013
33000015
33000018
33000021
33000024
33000029
33000034
33000040
33000047
33000055
33000065
33000076
33000089
33000105
33000123
33000145
33000170
33000200
33000235
33000276
33000324
33000381
33000447
33000525
33000617
33000725
33000851
33001000
33001174
33001378
33001619
33001901
33002232
33002621
33003078
33003615
33004245
33004985
33005853
33006873
33008071
33009478
33011130
33013070
33015347
33018022
33021163
33024851
33029182
33034267
33040239
33047251
33055486
33065155
33076510
33089843
33105500
33123886
33145475
33170827
33200597
33235555
33276605
33324808
33381412
33447881
33525932
33617586
33725212
33851593
34000000
