39000001
39000002
39000003
39000004
39000005
39000006
39000008
39000009
39000011
39000013
39000015
39000018
39000021
39000024
39000029
39000034
39000040
39000047
39000055
39000065
39000076
39000089
39000105
39000123
39000145
39000170
39000200
39000235
39000276
39000324
39000381
39000447
39000525
39000617
39000725
39000851
39001000
39001174
39001378
39001619
39001901
39002232
39002621
39003078
39003615
39004245
39004985
39005853
39006873
39008071
39009478
39011130
39013070
39015347
39018022
39021163
39024851
39029182
39034267
39040239
39047251
39055486
39065155
39076510
39089843
39105500
39123886
39145475
39170827
39200597
39235555
39276605
39324808
39381412
39447881
39525932
39617586
39725212
39851593
40000000
