16000001
16000002
16000003
16000004
16000005
16000006
16000008
16000009
16000011
16000013
16000015
16000018
16000021
16000024
16000029
16000034
16000040
16000047
16000055
16000065
16000076
16000089
16000105
16000123
16000145
16000170
16000200
16000235
16000276
16000324
16000381
16000447
16000525
16000617
16000725
16000851
16001000
16001174
16001378
16001619
16001901
16002232
16002621
16003078
16003615
16004245
16004985
16005853
16006873
16008071
16009478
16011130
16013070
16015347
16018022
16021163
16024851
16029182
16034267
16040239
16047251
16055486
16065155
16076510
16089843
16105500
16123886
16145475
16170827
16200597
16235555
16276605
16324808
16381412
16447881
16525932
16617586
16725212
16851593
17000000
