20000001
20000002
20000003
20000004
20000005
20000006
20000008
20000009
20000011
20000013
20000015
20000018
20000021
20000024
20000029
20000034
20000040
20000047
20000055
20000065
20000076
20000089
20000105
20000123
20000145
20000170
20000200
20000235
20000276
20000324
20000381
20000447
20000525
20000617
20000725
20000851
20001000
20001174
20001378
20001619
20001901
20002232
20002621
20003078
20003615
20004245
20004985
20005853
20006873
20008071
20009478
20011130
20013070
20015347
20018022
20021163
20024851
20029182
20034267
20040239
20047251
20055486
20065155
20076510
20089843
20105500
20123886
20145475
20170827
20200597
20235555
20276605
20324808
20381412
20447881
20525932
20617586
20725212
20851593
21000000
