31000001
31000002
31000003
31000004
31000005
31000006
31000008
31000009
31000011
31000013
31000015
31000018
31000021
31000024
31000029
31000034
31000040
31000047
31000055
31000065
31000076
31000089
31000105
31000123
31000145
31000170
31000200
31000235
31000276
31000324
31000381
31000447
31000525
31000617
31000725
31000851
31001000
31001174
31001378
31001619
31001901
31002232
31002621
31003078
31003615
31004245
31004985
31005853
31006873
31008071
31009478
31011130
31013070
31015347
31018022
31021163
31024851
31029182
31034267
31040239
31047251
31055486
31065155
31076510
31089843
31105500
31123886
31145475
31170827
31200597
31235555
31276605
31324808
31381412
31447881
31525932
31617586
31725212
31851593
32000000
