42000001
42000002
42000003
42000004
42000005
42000006
42000008
42000009
42000011
42000013
42000015
42000018
42000021
42000024
42000029
42000034
42000040
42000047
42000055
42000065
42000076
42000089
42000105
42000123
42000145
42000170
42000200
42000235
42000276
42000324
42000381
42000447
42000525
42000617
42000725
42000851
42001000
42001174
42001378
42001619
42001901
42002232
42002621
42003078
42003615
42004245
42004985
42005853
42006873
42008071
42009478
42011130
42013070
42015347
42018022
42021163
42024851
42029182
42034267
42040239
42047251
42055486
42065155
42076510
42089843
42105500
42123886
42145475
42170827
42200597
42235555
42276605
42324808
42381412
42447881
42525932
42617586
42725212
42851593
43000000
