35000001
35000002
35000003
35000004
35000005
35000006
35000008
35000009
35000011
35000013
35000015
35000018
35000021
35000024
35000029
35000034
35000040
35000047
35000055
35000065
35000076
35000089
35000105
35000123
35000145
35000170
35000200
35000235
35000276
35000324
35000381
35000447
35000525
35000617
35000725
35000851
35001000
35001174
35001378
35001619
35001901
35002232
35002621
35003078
35003615
35004245
35004985
35005853
35006873
35008071
35009478
35011130
35013070
35015347
35018022
35021163
35024851
35029182
35034267
35040239
35047251
35055486
35065155
35076510
35089843
35105500
35123886
35145475
35170827
35200597
35235555
35276605
35324808
35381412
35447881
35525932
35617586
35725212
35851593
36000000
