34000001
34000002
34000003
34000004
34000005
34000006
34000008
34000009
34000011
34000013
34000015
34000018
34000021
34000024
34000029
34000034
34000040
34000047
34000055
34000065
34000076
34000089
34000105
34000123
34000145
34000170
34000200
34000235
34000276
34000324
34000381
34000447
34000525
34000617
34000725
34000851
34001000
34001174
34001378
34001619
34001901
34002232
34002621
34003078
34003615
34004245
34004985
34005853
34006873
34008071
34009478
34011130
34013070
34015347
34018022
34021163
34024851
34029182
34034267
34040239
34047251
34055486
34065155
34076510
34089843
34105500
34123886
34145475
34170827
34200597
34235555
34276605
34324808
34381412
34447881
34525932
34617586
34725212
34851593
35000000
