43000001
43000002
43000003
43000004
43000005
43000006
43000008
43000009
43000011
43000013
43000015
43000018
43000021
43000024
43000029
43000034
43000040
43000047
43000055
43000065
43000076
43000089
43000105
43000123
43000145
43000170
43000200
43000235
43000276
43000324
43000381
43000447
43000525
43000617
43000725
43000851
43001000
43001174
43001378
43001619
43001901
43002232
43002621
43003078
43003615
43004245
43004985
43005853
43006873
43008071
43009478
43011130
43013070
43015347
43018022
43021163
43024851
43029182
43034267
43040239
43047251
43055486
43065155
43076510
43089843
43105500
43123886
43145475
43170827
43200597
43235555
43276605
43324808
43381412
43447881
43525932
43617586
43725212
43851593
44000000
