36000001
36000002
36000003
36000004
36000005
36000006
36000008
36000009
36000011
36000013
36000015
36000018
36000021
36000024
36000029
36000034
36000040
36000047
36000055
36000065
36000076
36000089
36000105
36000123
36000145
36000170
36000200
36000235
36000276
36000324
36000381
36000447
36000525
36000617
36000725
36000851
36001000
36001174
36001378
36001619
36001901
36002232
36002621
36003078
36003615
36004245
36004985
36005853
36006873
36008071
36009478
36011130
36013070
36015347
36018022
36021163
36024851
36029182
36034267
36040239
36047251
36055486
36065155
36076510
36089843
36105500
36123886
36145475
36170827
36200597
36235555
36276605
36324808
36381412
36447881
36525932
36617586
36725212
36851593
37000000
