41000001
41000002
41000003
41000004
41000005
41000006
41000008
41000009
41000011
41000013
41000015
41000018
41000021
41000024
41000029
41000034
41000040
41000047
41000055
41000065
41000076
41000089
41000105
41000123
41000145
41000170
41000200
41000235
41000276
41000324
41000381
41000447
41000525
41000617
41000725
41000851
41001000
41001174
41001378
41001619
41001901
41002232
41002621
41003078
41003615
41004245
41004985
41005853
41006873
41008071
41009478
41011130
41013070
41015347
41018022
41021163
41024851
41029182
41034267
41040239
41047251
41055486
41065155
41076510
41089843
41105500
41123886
41145475
41170827
41200597
41235555
41276605
41324808
41381412
41447881
41525932
41617586
41725212
41851593
42000000
