32000001
32000002
32000003
32000004
32000005
32000006
32000008
32000009
32000011
32000013
32000015
32000018
32000021
32000024
32000029
32000034
32000040
32000047
32000055
32000065
32000076
32000089
32000105
32000123
32000145
32000170
32000200
32000235
32000276
32000324
32000381
32000447
32000525
32000617
32000725
32000851
32001000
32001174
32001378
32001619
32001901
32002232
32002621
32003078
32003615
32004245
32004985
32005853
32006873
32008071
32009478
32011130
32013070
32015347
32018022
32021163
32024851
32029182
32034267
32040239
32047251
32055486
32065155
32076510
32089843
32105500
32123886
32145475
32170827
32200597
32235555
32276605
32324808
32381412
32447881
32525932
32617586
32725212
32851593
33000000
