29000001
29000002
29000003
29000004
29000005
29000006
29000008
29000009
29000011
29000013
29000015
29000018
29000021
29000024
29000029
29000034
29000040
29000047
29000055
29000065
29000076
29000089
29000105
29000123
29000145
29000170
29000200
29000235
29000276
29000324
29000381
29000447
29000525
29000617
29000725
29000851
29001000
29001174
29001378
29001619
29001901
29002232
29002621
29003078
29003615
29004245
29004985
29005853
29006873
29008071
29009478
29011130
29013070
29015347
29018022
29021163
29024851
29029182
29034267
29040239
29047251
29055486
29065155
29076510
29089843
29105500
29123886
29145475
29170827
29200597
29235555
29276605
29324808
29381412
29447881
29525932
29617586
29725212
29851593
30000000
