14000001
14000002
14000003
14000004
14000005
14000006
14000008
14000009
14000011
14000013
14000015
14000018
14000021
14000024
14000029
14000034
14000040
14000047
14000055
14000065
14000076
14000089
14000105
14000123
14000145
14000170
14000200
14000235
14000276
14000324
14000381
14000447
14000525
14000617
14000725
14000851
14001000
14001174
14001378
14001619
14001901
14002232
14002621
14003078
14003615
14004245
14004985
14005853
14006873
14008071
14009478
14011130
14013070
14015347
14018022
14021163
14024851
14029182
14034267
14040239
14047251
14055486
14065155
14076510
14089843
14105500
14123886
14145475
14170827
14200597
14235555
14276605
14324808
14381412
14447881
14525932
14617586
14725212
14851593
15000000
