3000001
3000002
3000003
3000004
3000005
3000006
3000008
3000009
3000011
3000013
3000015
3000018
3000021
3000024
3000029
3000034
3000040
3000047
3000055
3000065
3000076
3000089
3000105
3000123
3000145
3000170
3000200
3000235
3000276
3000324
3000381
3000447
3000525
3000617
3000725
3000851
3001000
3001174
3001378
3001619
3001901
3002232
3002621
3003078
3003615
3004245
3004985
3005853
3006873
3008071
3009478
3011130
3013070
3015347
3018022
3021163
3024851
3029182
3034267
3040239
3047251
3055486
3065155
3076510
3089843
3105500
3123886
3145475
3170827
3200597
3235555
3276605
3324808
3381412
3447881
3525932
3617586
3725212
3851593
4000000
