38000001
38000002
38000003
38000004
38000005
38000006
38000008
38000009
38000011
38000013
38000015
38000018
38000021
38000024
38000029
38000034
38000040
38000047
38000055
38000065
38000076
38000089
38000105
38000123
38000145
38000170
38000200
38000235
38000276
38000324
38000381
38000447
38000525
38000617
38000725
38000851
38001000
38001174
38001378
38001619
38001901
38002232
38002621
38003078
38003615
38004245
38004985
38005853
38006873
38008071
38009478
38011130
38013070
38015347
38018022
38021163
38024851
38029182
38034267
38040239
38047251
38055486
38065155
38076510
38089843
38105500
38123886
38145475
38170827
38200597
38235555
38276605
38324808
38381412
38447881
38525932
38617586
38725212
38851593
39000000
