27000001
27000002
27000003
27000004
27000005
27000006
27000008
27000009
27000011
27000013
27000015
27000018
27000021
27000024
27000029
27000034
27000040
27000047
27000055
27000065
27000076
27000089
27000105
27000123
27000145
27000170
27000200
27000235
27000276
27000324
27000381
27000447
27000525
27000617
27000725
27000851
27001000
27001174
27001378
27001619
27001901
27002232
27002621
27003078
27003615
27004245
27004985
27005853
27006873
27008071
27009478
27011130
27013070
27015347
27018022
27021163
27024851
27029182
27034267
27040239
27047251
27055486
27065155
27076510
27089843
27105500
27123886
27145475
27170827
27200597
27235555
27276605
27324808
27381412
27447881
27525932
27617586
27725212
27851593
28000000
