30000001
30000002
30000003
30000004
30000005
30000006
30000008
30000009
30000011
30000013
30000015
30000018
30000021
30000024
30000029
30000034
30000040
30000047
30000055
30000065
30000076
30000089
30000105
30000123
30000145
30000170
30000200
30000235
30000276
30000324
30000381
30000447
30000525
30000617
30000725
30000851
30001000
30001174
30001378
30001619
30001901
30002232
30002621
30003078
30003615
30004245
30004985
30005853
30006873
30008071
30009478
30011130
30013070
30015347
30018022
30021163
30024851
30029182
30034267
30040239
30047251
30055486
30065155
30076510
30089843
30105500
30123886
30145475
30170827
30200597
30235555
30276605
30324808
30381412
30447881
30525932
30617586
30725212
30851593
31000000
