48000001
48000002
48000003
48000004
48000005
48000006
48000008
48000009
48000011
48000013
48000015
48000018
48000021
48000024
48000029
48000034
48000040
48000047
48000055
48000065
48000076
48000089
48000105
48000123
48000145
48000170
48000200
48000235
48000276
48000324
48000381
48000447
48000525
48000617
48000725
48000851
48001000
48001174
48001378
48001619
48001901
48002232
48002621
48003078
48003615
48004245
48004985
48005853
48006873
48008071
48009478
48011130
48013070
48015347
48018022
48021163
48024851
48029182
48034267
48040239
48047251
48055486
48065155
48076510
48089843
48105500
48123886
48145475
48170827
48200597
48235555
48276605
48324808
48381412
48447881
48525932
48617586
48725212
48851593
49000000
