47000001
47000002
47000003
47000004
47000005
47000006
47000008
47000009
47000011
47000013
47000015
47000018
47000021
47000024
47000029
47000034
47000040
47000047
47000055
47000065
47000076
47000089
47000105
47000123
47000145
47000170
47000200
47000235
47000276
47000324
47000381
47000447
47000525
47000617
47000725
47000851
47001000
47001174
47001378
47001619
47001901
47002232
47002621
47003078
47003615
47004245
47004985
47005853
47006873
47008071
47009478
47011130
47013070
47015347
47018022
47021163
47024851
47029182
47034267
47040239
47047251
47055486
47065155
47076510
47089843
47105500
47123886
47145475
47170827
47200597
47235555
47276605
47324808
47381412
47447881
47525932
47617586
47725212
47851593
48000000
