40000001
40000002
40000003
40000004
40000005
40000006
40000008
40000009
40000011
40000013
40000015
40000018
40000021
40000024
40000029
40000034
40000040
40000047
40000055
40000065
40000076
40000089
40000105
40000123
40000145
40000170
40000200
40000235
40000276
40000324
40000381
40000447
40000525
40000617
40000725
40000851
40001000
40001174
40001378
40001619
40001901
40002232
40002621
40003078
40003615
40004245
40004985
40005853
40006873
40008071
40009478
40011130
40013070
40015347
40018022
40021163
40024851
40029182
40034267
40040239
40047251
40055486
40065155
40076510
40089843
40105500
40123886
40145475
40170827
40200597
40235555
40276605
40324808
40381412
40447881
40525932
40617586
40725212
40851593
41000000
