37000001
37000002
37000003
37000004
37000005
37000006
37000008
37000009
37000011
37000013
37000015
37000018
37000021
37000024
37000029
37000034
37000040
37000047
37000055
37000065
37000076
37000089
37000105
37000123
37000145
37000170
37000200
37000235
37000276
37000324
37000381
37000447
37000525
37000617
37000725
37000851
37001000
37001174
37001378
37001619
37001901
37002232
37002621
37003078
37003615
37004245
37004985
37005853
37006873
37008071
37009478
37011130
37013070
37015347
37018022
37021163
37024851
37029182
37034267
37040239
37047251
37055486
37065155
37076510
37089843
37105500
37123886
37145475
37170827
37200597
37235555
37276605
37324808
37381412
37447881
37525932
37617586
37725212
37851593
38000000
