45000001
45000002
45000003
45000004
45000005
45000006
45000008
45000009
45000011
45000013
45000015
45000018
45000021
45000024
45000029
45000034
45000040
45000047
45000055
45000065
45000076
45000089
45000105
45000123
45000145
45000170
45000200
45000235
45000276
45000324
45000381
45000447
45000525
45000617
45000725
45000851
45001000
45001174
45001378
45001619
45001901
45002232
45002621
45003078
45003615
45004245
45004985
45005853
45006873
45008071
45009478
45011130
45013070
45015347
45018022
45021163
45024851
45029182
45034267
45040239
45047251
45055486
45065155
45076510
45089843
45105500
45123886
45145475
45170827
45200597
45235555
45276605
45324808
45381412
45447881
45525932
45617586
45725212
45851593
46000000
