44000001
44000002
44000003
44000004
44000005
44000006
44000008
44000009
44000011
44000013
44000015
44000018
44000021
44000024
44000029
44000034
44000040
44000047
44000055
44000065
44000076
44000089
44000105
44000123
44000145
44000170
44000200
44000235
44000276
44000324
44000381
44000447
44000525
44000617
44000725
44000851
44001000
44001174
44001378
44001619
44001901
44002232
44002621
44003078
44003615
44004245
44004985
44005853
44006873
44008071
44009478
44011130
44013070
44015347
44018022
44021163
44024851
44029182
44034267
44040239
44047251
44055486
44065155
44076510
44089843
44105500
44123886
44145475
44170827
44200597
44235555
44276605
44324808
44381412
44447881
44525932
44617586
44725212
44851593
45000000
