1
2
3
4
5
6
8
9
11
13
15
18
21
24
29
34
40
47
55
65
76
89
105
123
145
170
200
235
276
324
381
447
525
617
725
851
1000
1174
1378
1619
1901
2232
2621
3078
3615
4245
4985
5853
6873
8071
9478
11130
13070
15347
18022
21163
24851
29182
34267
40239
47251
55486
65155
76510
89843
105500
123886
145475
170827
200597
235555
276605
324808
381412
447881
500001
500002
500003
500004
500005
500006
500008
500009
500011
500013
500015
500018
500021
500024
500029
500034
500040
500047
500055
500065
500076
500089
500105
500123
500145
500170
500200
500235
500276
500324
500381
500447
500525
500617
500725
500851
501000
501174
501378
501619
501901
502232
502621
503078
503615
504245
504985
505853
506873
508071
509478
511130
513070
515347
518022
521163
524851
525932
529182
534267
540239
547251
555486
565155
576510
589843
605500
617586
623886
645475
670827
700597
725212
735555
776605
824808
851593
881412
947881
1000000
1000001
1000002
1000003
1000004
1000005
1000006
1000008
1000009
1000011
1000013
1000015
1000018
1000021
1000024
1000029
1000034
1000040
1000047
1000055
1000065
1000076
1000089
1000105
1000123
1000145
1000170
1000200
1000235
1000276
1000324
1000381
1000447
1000525
1000617
1000725
1000851
1001000
1001174
1001378
1001619
1001901
1002232
1002621
1003078
1003615
1004245
1004985
1005853
1006873
1008071
1009478
1011130
1013070
1015347
1018022
1021163
1024851
1025932
1029182
1034267
1040239
1047251
1055486
1065155
1076510
1089843
1105500
1117586
1123886
1145475
1170827
1200597
1225212
1235555
1276605
1324808
1351593
1381412
1447881
1500000
1500001
1500002
1500003
1500004
1500005
1500006
1500008
1500009
1500011
1500013
1500015
1500018
1500021
1500024
1500029
1500034
1500040
1500047
1500055
1500065
1500076
1500089
1500105
1500123
1500145
1500170
1500200
1500235
1500276
1500324
1500381
1500447
1500525
1500617
1500725
1500851
1501000
1501174
1501378
1501619
1501901
1502232
1502621
1503078
1503615
1504245
1504985
1505853
1506873
1508071
1509478
1511130
1513070
1515347
1518022
1521163
1524851
1525932
1529182
1534267
1540239
1547251
1555486
1565155
1576510
1589843
1605500
1617586
1623886
1645475
1670827
1700597
1725212
1735555
1776605
1824808
1851593
1881412
1947881
2000000
2000001
2000002
2000003
2000004
2000005
2000006
2000008
2000009
2000011
2000013
2000015
2000018
2000021
2000024
2000029
2000034
2000040
2000047
2000055
2000065
2000076
2000089
2000105
2000123
2000145
2000170
2000200
2000235
2000276
2000324
2000381
2000447
2000525
2000617
2000725
2000851
2001000
2001174
2001378
2001619
2001901
2002232
2002621
2003078
2003615
2004245
2004985
2005853
2006873
2008071
2009478
2011130
2013070
2015347
2018022
2021163
2024851
2025932
2029182
2034267
2040239
2047251
2055486
2065155
2076510
2089843
2105500
2117586
2123886
2145475
2170827
2200597
2225212
2235555
2276605
2324808
2351593
2381412
2447881
2500000
2500001
2500002
2500003
2500004
2500005
2500006
2500008
2500009
2500011
2500013
2500015
2500018
2500021
2500024
2500029
2500034
2500040
2500047
2500055
2500065
2500076
2500089
2500105
2500123
2500145
2500170
2500200
2500235
2500276
2500324
2500381
2500447
2500525
2500617
2500725
2500851
2501000
2501174
2501378
2501619
2501901
2502232
2502621
2503078
2503615
2504245
2504985
2505853
2506873
2508071
2509478
2511130
2513070
2515347
2518022
2521163
2524851
2525932
2529182
2534267
2540239
2547251
2555486
2565155
2576510
2589843
2605500
2617586
2623886
2645475
2670827
2700597
2725212
2735555
2776605
2824808
2851593
2881412
2947881
3000000
3000001
3000002
3000003
3000004
3000005
3000006
3000008
3000009
3000011
3000013
3000015
3000018
3000021
3000024
3000029
3000034
3000040
3000047
3000055
3000065
3000076
3000089
3000105
3000123
3000145
3000170
3000200
3000235
3000276
3000324
3000381
3000447
3000525
3000617
3000725
3000851
3001000
3001174
3001378
3001619
3001901
3002232
3002621
3003078
3003615
3004245
3004985
3005853
3006873
3008071
3009478
3011130
3013070
3015347
3018022
3021163
3024851
3025932
3029182
3034267
3040239
3047251
3055486
3065155
3076510
3089843
3105500
3117586
3123886
3145475
3170827
3200597
3225212
3235555
3276605
3324808
3351593
3381412
3447881
3500000
3500001
3500002
3500003
3500004
3500005
3500006
3500008
3500009
3500011
3500013
3500015
3500018
3500021
3500024
3500029
3500034
3500040
3500047
3500055
3500065
3500076
3500089
3500105
3500123
3500145
3500170
3500200
3500235
3500276
3500324
3500381
3500447
3500525
3500617
3500725
3500851
3501000
3501174
3501378
3501619
3501901
3502232
3502621
3503078
3503615
3504245
3504985
3505853
3506873
3508071
3509478
3511130
3513070
3515347
3518022
3521163
3524851
3525932
3529182
3534267
3540239
3547251
3555486
3565155
3576510
3589843
3605500
3617586
3623886
3645475
3670827
3700597
3725212
3735555
3776605
3824808
3851593
3881412
3947881
4000000
4000001
4000002
4000003
4000004
4000005
4000006
4000008
4000009
4000011
4000013
4000015
4000018
4000021
4000024
4000029
4000034
4000040
4000047
4000055
4000065
4000076
4000089
4000105
4000123
4000145
4000170
4000200
4000235
4000276
4000324
4000381
4000447
4000525
4000617
4000725
4000851
4001000
4001174
4001378
4001619
4001901
4002232
4002621
4003078
4003615
4004245
4004985
4005853
4006873
4008071
4009478
4011130
4013070
4015347
4018022
4021163
4024851
4025932
4029182
4034267
4040239
4047251
4055486
4065155
4076510
4089843
4105500
4117586
4123886
4145475
4170827
4200597
4225212
4235555
4276605
4324808
4351593
4381412
4447881
4500000
4500001
4500002
4500003
4500004
4500005
4500006
4500008
4500009
4500011
4500013
4500015
4500018
4500021
4500024
4500029
4500034
4500040
4500047
4500055
4500065
4500076
4500089
4500105
4500123
4500145
4500170
4500200
4500235
4500276
4500324
4500381
4500447
4500525
4500617
4500725
4500851
4501000
4501174
4501378
4501619
4501901
4502232
4502621
4503078
4503615
4504245
4504985
4505853
4506873
4508071
4509478
4511130
4513070
4515347
4518022
4521163
4524851
4525932
4529182
4534267
4540239
4547251
4555486
4565155
4576510
4589843
4605500
4617586
4623886
4645475
4670827
4700597
4725212
4735555
4776605
4824808
4851593
4881412
4947881
5000000
5000001
5000002
5000003
5000004
5000005
5000006
5000008
5000009
5000011
5000013
5000015
5000018
5000021
5000024
5000029
5000034
5000040
5000047
5000055
5000065
5000076
5000089
5000105
5000123
5000145
5000170
5000200
5000235
5000276
5000324
5000381
5000447
5000525
5000617
5000725
5000851
5001000
5001174
5001378
5001619
5001901
5002232
5002621
5003078
5003615
5004245
5004985
5005853
5006873
5008071
5009478
5011130
5013070
5015347
5018022
5021163
5024851
5025932
5029182
5034267
5040239
5047251
5055486
5065155
5076510
5089843
5105500
5117586
5123886
5145475
5170827
5200597
5225212
5235555
5276605
5324808
5351593
5381412
5447881
5500000
5500001
5500002
5500003
5500004
5500005
5500006
5500008
5500009
5500011
5500013
5500015
5500018
5500021
5500024
5500029
5500034
5500040
5500047
5500055
5500065
5500076
5500089
5500105
5500123
5500145
5500170
5500200
5500235
5500276
5500324
5500381
5500447
5500525
5500617
5500725
5500851
5501000
5501174
5501378
5501619
5501901
5502232
5502621
5503078
5503615
5504245
5504985
5505853
5506873
5508071
5509478
5511130
5513070
5515347
5518022
5521163
5524851
5525932
5529182
5534267
5540239
5547251
5555486
5565155
5576510
5589843
5605500
5617586
5623886
5645475
5670827
5700597
5725212
5735555
5776605
5824808
5851593
5881412
5947881
6000000
6000001
6000002
6000003
6000004
6000005
6000006
6000008
6000009
6000011
6000013
6000015
6000018
6000021
6000024
6000029
6000034
6000040
6000047
6000055
6000065
6000076
6000089
6000105
6000123
6000145
6000170
6000200
6000235
6000276
6000324
6000381
6000447
6000525
6000617
6000725
6000851
6001000
6001174
6001378
6001619
6001901
6002232
6002621
6003078
6003615
6004245
6004985
6005853
6006873
6008071
6009478
6011130
6013070
6015347
6018022
6021163
6024851
6025932
6029182
6034267
6040239
6047251
6055486
6065155
6076510
6089843
6105500
6117586
6123886
6145475
6170827
6200597
6225212
6235555
6276605
6324808
6351593
6381412
6447881
6500000
6500001
6500002
6500003
6500004
6500005
6500006
6500008
6500009
6500011
6500013
6500015
6500018
6500021
6500024
6500029
6500034
6500040
6500047
6500055
6500065
6500076
6500089
6500105
6500123
6500145
6500170
6500200
6500235
6500276
6500324
6500381
6500447
6500525
6500617
6500725
6500851
6501000
6501174
6501378
6501619
6501901
6502232
6502621
6503078
6503615
6504245
6504985
6505853
6506873
6508071
6509478
6511130
6513070
6515347
6518022
6521163
6524851
6525932
6529182
6534267
6540239
6547251
6555486
6565155
6576510
6589843
6605500
6617586
6623886
6645475
6670827
6700597
6725212
6735555
6776605
6824808
6851593
6881412
6947881
7000000
7000001
7000002
7000003
7000004
7000005
7000006
7000008
7000009
7000011
7000013
7000015
7000018
7000021
7000024
7000029
7000034
7000040
7000047
7000055
7000065
7000076
7000089
7000105
7000123
7000145
7000170
7000200
7000235
7000276
7000324
7000381
7000447
7000525
7000617
7000725
7000851
7001000
7001174
7001378
7001619
7001901
7002232
7002621
7003078
7003615
7004245
7004985
7005853
7006873
7008071
7009478
7011130
7013070
7015347
7018022
7021163
7024851
7025932
7029182
7034267
7040239
7047251
7055486
7065155
7076510
7089843
7105500
7117586
7123886
7145475
7170827
7200597
7225212
7235555
7276605
7324808
7351593
7381412
7447881
7500000
7500001
7500002
7500003
7500004
7500005
7500006
7500008
7500009
7500011
7500013
7500015
7500018
7500021
7500024
7500029
7500034
7500040
7500047
7500055
7500065
7500076
7500089
7500105
7500123
7500145
7500170
7500200
7500235
7500276
7500324
7500381
7500447
7500525
7500617
7500725
7500851
7501000
7501174
7501378
7501619
7501901
7502232
7502621
7503078
7503615
7504245
7504985
7505853
7506873
7508071
7509478
7511130
7513070
7515347
7518022
7521163
7524851
7525932
7529182
7534267
7540239
7547251
7555486
7565155
7576510
7589843
7605500
7617586
7623886
7645475
7670827
7700597
7725212
7735555
7776605
7824808
7851593
7881412
7947881
8000000
8000001
8000002
8000003
8000004
8000005
8000006
8000008
8000009
8000011
8000013
8000015
8000018
8000021
8000024
8000029
8000034
8000040
8000047
8000055
8000065
8000076
8000089
8000105
8000123
8000145
8000170
8000200
8000235
8000276
8000324
8000381
8000447
8000525
8000617
8000725
8000851
8001000
8001174
8001378
8001619
8001901
8002232
8002621
8003078
8003615
8004245
8004985
8005853
8006873
8008071
8009478
8011130
8013070
8015347
8018022
8021163
8024851
8025932
8029182
8034267
8040239
8047251
8055486
8065155
8076510
8089843
8105500
8117586
8123886
8145475
8170827
8200597
8225212
8235555
8276605
8324808
8351593
8381412
8447881
8500000
8500001
8500002
8500003
8500004
8500005
8500006
8500008
8500009
8500011
8500013
8500015
8500018
8500021
8500024
8500029
8500034
8500040
8500047
8500055
8500065
8500076
8500089
8500105
8500123
8500145
8500170
8500200
8500235
8500276
8500324
8500381
8500447
8500525
8500617
8500725
8500851
8501000
8501174
8501378
8501619
8501901
8502232
8502621
8503078
8503615
8504245
8504985
8505853
8506873
8508071
8509478
8511130
8513070
8515347
8518022
8521163
8524851
8525932
8529182
8534267
8540239
8547251
8555486
8565155
8576510
8589843
8605500
8617586
8623886
8645475
8670827
8700597
8725212
8735555
8776605
8824808
8851593
8881412
8947881
9000000
9000001
9000002
9000003
9000004
9000005
9000006
9000008
9000009
9000011
9000013
9000015
9000018
9000021
9000024
9000029
9000034
9000040
9000047
9000055
9000065
9000076
9000089
9000105
9000123
9000145
9000170
9000200
9000235
9000276
9000324
9000381
9000447
9000525
9000617
9000725
9000851
9001000
9001174
9001378
9001619
9001901
9002232
9002621
9003078
9003615
9004245
9004985
9005853
9006873
9008071
9009478
9011130
9013070
9015347
9018022
9021163
9024851
9025932
9029182
9034267
9040239
9047251
9055486
9065155
9076510
9089843
9105500
9117586
9123886
9145475
9170827
9200597
9225212
9235555
9276605
9324808
9351593
9381412
9447881
9500000
9500001
9500002
9500003
9500004
9500005
9500006
9500008
9500009
9500011
9500013
9500015
9500018
9500021
9500024
9500029
9500034
9500040
9500047
9500055
9500065
9500076
9500089
9500105
9500123
9500145
9500170
9500200
9500235
9500276
9500324
9500381
9500447
9500525
9500617
9500725
9500851
9501000
9501174
9501378
9501619
9501901
9502232
9502621
9503078
9503615
9504245
9504985
9505853
9506873
9508071
9509478
9511130
9513070
9515347
9518022
9521163
9524851
9525932
9529182
9534267
9540239
9547251
9555486
9565155
9576510
9589843
9605500
9617586
9623886
9645475
9670827
9700597
9725212
9735555
9776605
9824808
9851593
9881412
9947881
10000000
10000001
10000002
10000003
10000004
10000005
10000006
10000008
10000009
10000011
10000013
10000015
10000018
10000021
10000024
10000029
10000034
10000040
10000047
10000055
10000065
10000076
10000089
10000105
10000123
10000145
10000170
10000200
10000235
10000276
10000324
10000381
10000447
10000525
10000617
10000725
10000851
10001000
10001174
10001378
10001619
10001901
10002232
10002621
10003078
10003615
10004245
10004985
10005853
10006873
10008071
10009478
10011130
10013070
10015347
10018022
10021163
10024851
10025932
10029182
10034267
10040239
10047251
10055486
10065155
10076510
10089843
10105500
10117586
10123886
10145475
10170827
10200597
10225212
10235555
10276605
10324808
10351593
10381412
10447881
10500000
10500001
10500002
10500003
10500004
10500005
10500006
10500008
10500009
10500011
10500013
10500015
10500018
10500021
10500024
10500029
10500034
10500040
10500047
10500055
10500065
10500076
10500089
10500105
10500123
10500145
10500170
10500200
10500235
10500276
10500324
10500381
10500447
10500525
10500617
10500725
10500851
10501000
10501174
10501378
10501619
10501901
10502232
10502621
10503078
10503615
10504245
10504985
10505853
10506873
10508071
10509478
10511130
10513070
10515347
10518022
10521163
10524851
10525932
10529182
10534267
10540239
10547251
10555486
10565155
10576510
10589843
10605500
10617586
10623886
10645475
10670827
10700597
10725212
10735555
10776605
10824808
10851593
10881412
10947881
11000000
11000001
11000002
11000003
11000004
11000005
11000006
11000008
11000009
11000011
11000013
11000015
11000018
11000021
11000024
11000029
11000034
11000040
11000047
11000055
11000065
11000076
11000089
11000105
11000123
11000145
11000170
11000200
11000235
11000276
11000324
11000381
11000447
11000525
11000617
11000725
11000851
11001000
11001174
11001378
11001619
11001901
11002232
11002621
11003078
11003615
11004245
11004985
11005853
11006873
11008071
11009478
11011130
11013070
11015347
11018022
11021163
11024851
11025932
11029182
11034267
11040239
11047251
11055486
11065155
11076510
11089843
11105500
11117586
11123886
11145475
11170827
11200597
11225212
11235555
11276605
11324808
11351593
11381412
11447881
11500000
11500001
11500002
11500003
11500004
11500005
11500006
11500008
11500009
11500011
11500013
11500015
11500018
11500021
11500024
11500029
11500034
11500040
11500047
11500055
11500065
11500076
11500089
11500105
11500123
11500145
11500170
11500200
11500235
11500276
11500324
11500381
11500447
11500525
11500617
11500725
11500851
11501000
11501174
11501378
11501619
11501901
11502232
11502621
11503078
11503615
11504245
11504985
11505853
11506873
11508071
11509478
11511130
11513070
11515347
11518022
11521163
11524851
11525932
11529182
11534267
11540239
11547251
11555486
11565155
11576510
11589843
11605500
11617586
11623886
11645475
11670827
11700597
11725212
11735555
11776605
11824808
11851593
11881412
11947881
12000000
12000001
12000002
12000003
12000004
12000005
12000006
12000008
12000009
12000011
12000013
12000015
12000018
12000021
12000024
12000029
12000034
12000040
12000047
12000055
12000065
12000076
12000089
12000105
12000123
12000145
12000170
12000200
12000235
12000276
12000324
12000381
12000447
12000525
12000617
12000725
12000851
12001000
12001174
12001378
12001619
12001901
12002232
12002621
12003078
12003615
12004245
12004985
12005853
12006873
12008071
12009478
12011130
12013070
12015347
12018022
12021163
12024851
12025932
12029182
12034267
12040239
12047251
12055486
12065155
12076510
12089843
12105500
12117586
12123886
12145475
12170827
12200597
12225212
12235555
12276605
12324808
12351593
12381412
12447881
12500000
12500001
12500002
12500003
12500004
12500005
12500006
12500008
12500009
12500011
12500013
12500015
12500018
12500021
12500024
12500029
12500034
12500040
12500047
12500055
12500065
12500076
12500089
12500105
12500123
12500145
12500170
12500200
12500235
12500276
12500324
12500381
12500447
12500525
12500617
12500725
12500851
12501000
12501174
12501378
12501619
12501901
12502232
12502621
12503078
12503615
12504245
12504985
12505853
12506873
12508071
12509478
12511130
12513070
12515347
12518022
12521163
12524851
12525932
12529182
12534267
12540239
12547251
12555486
12565155
12576510
12589843
12605500
12617586
12623886
12645475
12670827
12700597
12725212
12735555
12776605
12824808
12851593
12881412
12947881
13000000
13000001
13000002
13000003
13000004
13000005
13000006
13000008
13000009
13000011
13000013
13000015
13000018
13000021
13000024
13000029
13000034
13000040
13000047
13000055
13000065
13000076
13000089
13000105
13000123
13000145
13000170
13000200
13000235
13000276
13000324
13000381
13000447
13000525
13000617
13000725
13000851
13001000
13001174
13001378
13001619
13001901
13002232
13002621
13003078
13003615
13004245
13004985
13005853
13006873
13008071
13009478
13011130
13013070
13015347
13018022
13021163
13024851
13025932
13029182
13034267
13040239
13047251
13055486
13065155
13076510
13089843
13105500
13117586
13123886
13145475
13170827
13200597
13225212
13235555
13276605
13324808
13351593
13381412
13447881
13500000
13500001
13500002
13500003
13500004
13500005
13500006
13500008
13500009
13500011
13500013
13500015
13500018
13500021
13500024
13500029
13500034
13500040
13500047
13500055
13500065
13500076
13500089
13500105
13500123
13500145
13500170
13500200
13500235
13500276
13500324
13500381
13500447
13500525
13500617
13500725
13500851
13501000
13501174
13501378
13501619
13501901
13502232
13502621
13503078
13503615
13504245
13504985
13505853
13506873
13508071
13509478
13511130
13513070
13515347
13518022
13521163
13524851
13525932
13529182
13534267
13540239
13547251
13555486
13565155
13576510
13589843
13605500
13617586
13623886
13645475
13670827
13700597
13725212
13735555
13776605
13824808
13851593
13881412
13947881
14000000
14000001
14000002
14000003
14000004
14000005
14000006
14000008
14000009
14000011
14000013
14000015
14000018
14000021
14000024
14000029
14000034
14000040
14000047
14000055
14000065
14000076
14000089
14000105
14000123
14000145
14000170
14000200
14000235
14000276
14000324
14000381
14000447
14000525
14000617
14000725
14000851
14001000
14001174
14001378
14001619
14001901
14002232
14002621
14003078
14003615
14004245
14004985
14005853
14006873
14008071
14009478
14011130
14013070
14015347
14018022
14021163
14024851
14025932
14029182
14034267
14040239
14047251
14055486
14065155
14076510
14089843
14105500
14117586
14123886
14145475
14170827
14200597
14225212
14235555
14276605
14324808
14351593
14381412
14447881
14500000
14500001
14500002
14500003
14500004
14500005
14500006
14500008
14500009
14500011
14500013
14500015
14500018
14500021
14500024
14500029
14500034
14500040
14500047
14500055
14500065
14500076
14500089
14500105
14500123
14500145
14500170
14500200
14500235
14500276
14500324
14500381
14500447
14500525
14500617
14500725
14500851
14501000
14501174
14501378
14501619
14501901
14502232
14502621
14503078
14503615
14504245
14504985
14505853
14506873
14508071
14509478
14511130
14513070
14515347
14518022
14521163
14524851
14525932
14529182
14534267
14540239
14547251
14555486
14565155
14576510
14589843
14605500
14617586
14623886
14645475
14670827
14700597
14725212
14735555
14776605
14824808
14851593
14881412
14947881
15000000
15000001
15000002
15000003
15000004
15000005
15000006
15000008
15000009
15000011
15000013
15000015
15000018
15000021
15000024
15000029
15000034
15000040
15000047
15000055
15000065
15000076
15000089
15000105
15000123
15000145
15000170
15000200
15000235
15000276
15000324
15000381
15000447
15000525
15000617
15000725
15000851
15001000
15001174
15001378
15001619
15001901
15002232
15002621
15003078
15003615
15004245
15004985
15005853
15006873
15008071
15009478
15011130
15013070
15015347
15018022
15021163
15024851
15025932
15029182
15034267
15040239
15047251
15055486
15065155
15076510
15089843
15105500
15117586
15123886
15145475
15170827
15200597
15225212
15235555
15276605
15324808
15351593
15381412
15447881
15500000
15500001
15500002
15500003
15500004
15500005
15500006
15500008
15500009
15500011
15500013
15500015
15500018
15500021
15500024
15500029
15500034
15500040
15500047
15500055
15500065
15500076
15500089
15500105
15500123
15500145
15500170
15500200
15500235
15500276
15500324
15500381
15500447
15500525
15500617
15500725
15500851
15501000
15501174
15501378
15501619
15501901
15502232
15502621
15503078
15503615
15504245
15504985
15505853
15506873
15508071
15509478
15511130
15513070
15515347
15518022
15521163
15524851
15525932
15529182
15534267
15540239
15547251
15555486
15565155
15576510
15589843
15605500
15617586
15623886
15645475
15670827
15700597
15725212
15735555
15776605
15824808
15851593
15881412
15947881
16000000
16000001
16000002
16000003
16000004
16000005
16000006
16000008
16000009
16000011
16000013
16000015
16000018
16000021
16000024
16000029
16000034
16000040
16000047
16000055
16000065
16000076
16000089
16000105
16000123
16000145
16000170
16000200
16000235
16000276
16000324
16000381
16000447
16000525
16000617
16000725
16000851
16001000
16001174
16001378
16001619
16001901
16002232
16002621
16003078
16003615
16004245
16004985
16005853
16006873
16008071
16009478
16011130
16013070
16015347
16018022
16021163
16024851
16025932
16029182
16034267
16040239
16047251
16055486
16065155
16076510
16089843
16105500
16117586
16123886
16145475
16170827
16200597
16225212
16235555
16276605
16324808
16351593
16381412
16447881
16500000
16500001
16500002
16500003
16500004
16500005
16500006
16500008
16500009
16500011
16500013
16500015
16500018
16500021
16500024
16500029
16500034
16500040
16500047
16500055
16500065
16500076
16500089
16500105
16500123
16500145
16500170
16500200
16500235
16500276
16500324
16500381
16500447
16500525
16500617
16500725
16500851
16501000
16501174
16501378
16501619
16501901
16502232
16502621
16503078
16503615
16504245
16504985
16505853
16506873
16508071
16509478
16511130
16513070
16515347
16518022
16521163
16524851
16525932
16529182
16534267
16540239
16547251
16555486
16565155
16576510
16589843
16605500
16617586
16623886
16645475
16670827
16700597
16725212
16735555
16776605
16824808
16851593
16881412
16947881
17000000
17000001
17000002
17000003
17000004
17000005
17000006
17000008
17000009
17000011
17000013
17000015
17000018
17000021
17000024
17000029
17000034
17000040
17000047
17000055
17000065
17000076
17000089
17000105
17000123
17000145
17000170
17000200
17000235
17000276
17000324
17000381
17000447
17000525
17000617
17000725
17000851
17001000
17001174
17001378
17001619
17001901
17002232
17002621
17003078
17003615
17004245
17004985
17005853
17006873
17008071
17009478
17011130
17013070
17015347
17018022
17021163
17024851
17025932
17029182
17034267
17040239
17047251
17055486
17065155
17076510
17089843
17105500
17117586
17123886
17145475
17170827
17200597
17225212
17235555
17276605
17324808
17351593
17381412
17447881
17500000
17500001
17500002
17500003
17500004
17500005
17500006
17500008
17500009
17500011
17500013
17500015
17500018
17500021
17500024
17500029
17500034
17500040
17500047
17500055
17500065
17500076
17500089
17500105
17500123
17500145
17500170
17500200
17500235
17500276
17500324
17500381
17500447
17500525
17500617
17500725
17500851
17501000
17501174
17501378
17501619
17501901
17502232
17502621
17503078
17503615
17504245
17504985
17505853
17506873
17508071
17509478
17511130
17513070
17515347
17518022
17521163
17524851
17525932
17529182
17534267
17540239
17547251
17555486
17565155
17576510
17589843
17605500
17617586
17623886
17645475
17670827
17700597
17725212
17735555
17776605
17824808
17851593
17881412
17947881
18000000
18000001
18000002
18000003
18000004
18000005
18000006
18000008
18000009
18000011
18000013
18000015
18000018
18000021
18000024
18000029
18000034
18000040
18000047
18000055
18000065
18000076
18000089
18000105
18000123
18000145
18000170
18000200
18000235
18000276
18000324
18000381
18000447
18000525
18000617
18000725
18000851
18001000
18001174
18001378
18001619
18001901
18002232
18002621
18003078
18003615
18004245
18004985
18005853
18006873
18008071
18009478
18011130
18013070
18015347
18018022
18021163
18024851
18025932
18029182
18034267
18040239
18047251
18055486
18065155
18076510
18089843
18105500
18117586
18123886
18145475
18170827
18200597
18225212
18235555
18276605
18324808
18351593
18381412
18447881
18500000
18500001
18500002
18500003
18500004
18500005
18500006
18500008
18500009
18500011
18500013
18500015
18500018
18500021
18500024
18500029
18500034
18500040
18500047
18500055
18500065
18500076
18500089
18500105
18500123
18500145
18500170
18500200
18500235
18500276
18500324
18500381
18500447
18500525
18500617
18500725
18500851
18501000
18501174
18501378
18501619
18501901
18502232
18502621
18503078
18503615
18504245
18504985
18505853
18506873
18508071
18509478
18511130
18513070
18515347
18518022
18521163
18524851
18525932
18529182
18534267
18540239
18547251
18555486
18565155
18576510
18589843
18605500
18617586
18623886
18645475
18670827
18700597
18725212
18735555
18776605
18824808
18851593
18881412
18947881
19000000
19000001
19000002
19000003
19000004
19000005
19000006
19000008
19000009
19000011
19000013
19000015
19000018
19000021
19000024
19000029
19000034
19000040
19000047
19000055
19000065
19000076
19000089
19000105
19000123
19000145
19000170
19000200
19000235
19000276
19000324
19000381
19000447
19000525
19000617
19000725
19000851
19001000
19001174
19001378
19001619
19001901
19002232
19002621
19003078
19003615
19004245
19004985
19005853
19006873
19008071
19009478
19011130
19013070
19015347
19018022
19021163
19024851
19025932
19029182
19034267
19040239
19047251
19055486
19065155
19076510
19089843
19105500
19117586
19123886
19145475
19170827
19200597
19225212
19235555
19276605
19324808
19351593
19381412
19447881
19500000
19500001
19500002
19500003
19500004
19500005
19500006
19500008
19500009
19500011
19500013
19500015
19500018
19500021
19500024
19500029
19500034
19500040
19500047
19500055
19500065
19500076
19500089
19500105
19500123
19500145
19500170
19500200
19500235
19500276
19500324
19500381
19500447
19500525
19500617
19500725
19500851
19501000
19501174
19501378
19501619
19501901
19502232
19502621
19503078
19503615
19504245
19504985
19505853
19506873
19508071
19509478
19511130
19513070
19515347
19518022
19521163
19524851
19525932
19529182
19534267
19540239
19547251
19555486
19565155
19576510
19589843
19605500
19617586
19623886
19645475
19670827
19700597
19725212
19735555
19776605
19824808
19851593
19881412
19947881
20000000
20000001
20000002
20000003
20000004
20000005
20000006
20000008
20000009
20000011
20000013
20000015
20000018
20000021
20000024
20000029
20000034
20000040
20000047
20000055
20000065
20000076
20000089
20000105
20000123
20000145
20000170
20000200
20000235
20000276
20000324
20000381
20000447
20000525
20000617
20000725
20000851
20001000
20001174
20001378
20001619
20001901
20002232
20002621
20003078
20003615
20004245
20004985
20005853
20006873
20008071
20009478
20011130
20013070
20015347
20018022
20021163
20024851
20025932
20029182
20034267
20040239
20047251
20055486
20065155
20076510
20089843
20105500
20117586
20123886
20145475
20170827
20200597
20225212
20235555
20276605
20324808
20351593
20381412
20447881
20500000
20500001
20500002
20500003
20500004
20500005
20500006
20500008
20500009
20500011
20500013
20500015
20500018
20500021
20500024
20500029
20500034
20500040
20500047
20500055
20500065
20500076
20500089
20500105
20500123
20500145
20500170
20500200
20500235
20500276
20500324
20500381
20500447
20500525
20500617
20500725
20500851
20501000
20501174
20501378
20501619
20501901
20502232
20502621
20503078
20503615
20504245
20504985
20505853
20506873
20508071
20509478
20511130
20513070
20515347
20518022
20521163
20524851
20525932
20529182
20534267
20540239
20547251
20555486
20565155
20576510
20589843
20605500
20617586
20623886
20645475
20670827
20700597
20725212
20735555
20776605
20824808
20851593
20881412
20947881
21000000
21000001
21000002
21000003
21000004
21000005
21000006
21000008
21000009
21000011
21000013
21000015
21000018
21000021
21000024
21000029
21000034
21000040
21000047
21000055
21000065
21000076
21000089
21000105
21000123
21000145
21000170
21000200
21000235
21000276
21000324
21000381
21000447
21000525
21000617
21000725
21000851
21001000
21001174
21001378
21001619
21001901
21002232
21002621
21003078
21003615
21004245
21004985
21005853
21006873
21008071
21009478
21011130
21013070
21015347
21018022
21021163
21024851
21025932
21029182
21034267
21040239
21047251
21055486
21065155
21076510
21089843
21105500
21117586
21123886
21145475
21170827
21200597
21225212
21235555
21276605
21324808
21351593
21381412
21447881
21500000
21500001
21500002
21500003
21500004
21500005
21500006
21500008
21500009
21500011
21500013
21500015
21500018
21500021
21500024
21500029
21500034
21500040
21500047
21500055
21500065
21500076
21500089
21500105
21500123
21500145
21500170
21500200
21500235
21500276
21500324
21500381
21500447
21500525
21500617
21500725
21500851
21501000
21501174
21501378
21501619
21501901
21502232
21502621
21503078
21503615
21504245
21504985
21505853
21506873
21508071
21509478
21511130
21513070
21515347
21518022
21521163
21524851
21525932
21529182
21534267
21540239
21547251
21555486
21565155
21576510
21589843
21605500
21617586
21623886
21645475
21670827
21700597
21725212
21735555
21776605
21824808
21851593
21881412
21947881
22000000
22000001
22000002
22000003
22000004
22000005
22000006
22000008
22000009
22000011
22000013
22000015
22000018
22000021
22000024
22000029
22000034
22000040
22000047
22000055
22000065
22000076
22000089
22000105
22000123
22000145
22000170
22000200
22000235
22000276
22000324
22000381
22000447
22000525
22000617
22000725
22000851
22001000
22001174
22001378
22001619
22001901
22002232
22002621
22003078
22003615
22004245
22004985
22005853
22006873
22008071
22009478
22011130
22013070
22015347
22018022
22021163
22024851
22025932
22029182
22034267
22040239
22047251
22055486
22065155
22076510
22089843
22105500
22117586
22123886
22145475
22170827
22200597
22225212
22235555
22276605
22324808
22351593
22381412
22447881
22500000
22500001
22500002
22500003
22500004
22500005
22500006
22500008
22500009
22500011
22500013
22500015
22500018
22500021
22500024
22500029
22500034
22500040
22500047
22500055
22500065
22500076
22500089
22500105
22500123
22500145
22500170
22500200
22500235
22500276
22500324
22500381
22500447
22500525
22500617
22500725
22500851
22501000
22501174
22501378
22501619
22501901
22502232
22502621
22503078
22503615
22504245
22504985
22505853
22506873
22508071
22509478
22511130
22513070
22515347
22518022
22521163
22524851
22525932
22529182
22534267
22540239
22547251
22555486
22565155
22576510
22589843
22605500
22617586
22623886
22645475
22670827
22700597
22725212
22735555
22776605
22824808
22851593
22881412
22947881
23000000
23000001
23000002
23000003
23000004
23000005
23000006
23000008
23000009
23000011
23000013
23000015
23000018
23000021
23000024
23000029
23000034
23000040
23000047
23000055
23000065
23000076
23000089
23000105
23000123
23000145
23000170
23000200
23000235
23000276
23000324
23000381
23000447
23000525
23000617
23000725
23000851
23001000
23001174
23001378
23001619
23001901
23002232
23002621
23003078
23003615
23004245
23004985
23005853
23006873
23008071
23009478
23011130
23013070
23015347
23018022
23021163
23024851
23025932
23029182
23034267
23040239
23047251
23055486
23065155
23076510
23089843
23105500
23117586
23123886
23145475
23170827
23200597
23225212
23235555
23276605
23324808
23351593
23381412
23447881
23500000
23500001
23500002
23500003
23500004
23500005
23500006
23500008
23500009
23500011
23500013
23500015
23500018
23500021
23500024
23500029
23500034
23500040
23500047
23500055
23500065
23500076
23500089
23500105
23500123
23500145
23500170
23500200
23500235
23500276
23500324
23500381
23500447
23500525
23500617
23500725
23500851
23501000
23501174
23501378
23501619
23501901
23502232
23502621
23503078
23503615
23504245
23504985
23505853
23506873
23508071
23509478
23511130
23513070
23515347
23518022
23521163
23524851
23525932
23529182
23534267
23540239
23547251
23555486
23565155
23576510
23589843
23605500
23617586
23623886
23645475
23670827
23700597
23725212
23735555
23776605
23824808
23851593
23881412
23947881
24000000
24000001
24000002
24000003
24000004
24000005
24000006
24000008
24000009
24000011
24000013
24000015
24000018
24000021
24000024
24000029
24000034
24000040
24000047
24000055
24000065
24000076
24000089
24000105
24000123
24000145
24000170
24000200
24000235
24000276
24000324
24000381
24000447
24000525
24000617
24000725
24000851
24001000
24001174
24001378
24001619
24001901
24002232
24002621
24003078
24003615
24004245
24004985
24005853
24006873
24008071
24009478
24011130
24013070
24015347
24018022
24021163
24024851
24025932
24029182
24034267
24040239
24047251
24055486
24065155
24076510
24089843
24105500
24117586
24123886
24145475
24170827
24200597
24225212
24235555
24276605
24324808
24351593
24381412
24447881
24500000
24500001
24500002
24500003
24500004
24500005
24500006
24500008
24500009
24500011
24500013
24500015
24500018
24500021
24500024
24500029
24500034
24500040
24500047
24500055
24500065
24500076
24500089
24500105
24500123
24500145
24500170
24500200
24500235
24500276
24500324
24500381
24500447
24500525
24500617
24500725
24500851
24501000
24501174
24501378
24501619
24501901
24502232
24502621
24503078
24503615
24504245
24504985
24505853
24506873
24508071
24509478
24511130
24513070
24515347
24518022
24521163
24524851
24525932
24529182
24534267
24540239
24547251
24555486
24565155
24576510
24589843
24605500
24617586
24623886
24645475
24670827
24700597
24725212
24735555
24776605
24824808
24851593
24881412
24947881
25000000
25025932
25117586
25225212
25351593
25500000
