12000001
12000002
12000003
12000004
12000005
12000006
12000008
12000009
12000011
12000013
12000015
12000018
12000021
12000024
12000029
12000034
12000040
12000047
12000055
12000065
12000076
12000089
12000105
12000123
12000145
12000170
12000200
12000235
12000276
12000324
12000381
12000447
12000525
12000617
12000725
12000851
12001000
12001174
12001378
12001619
12001901
12002232
12002621
12003078
12003615
12004245
12004985
12005853
12006873
12008071
12009478
12011130
12013070
12015347
12018022
12021163
12024851
12029182
12034267
12040239
12047251
12055486
12065155
12076510
12089843
12105500
12123886
12145475
12170827
12200597
12235555
12276605
12324808
12381412
12447881
12525932
12617586
12725212
12851593
13000000
