18500001
18500002
18500003
18500004
18500005
18500006
18500008
18500009
18500011
18500013
18500015
18500018
18500021
18500024
18500029
18500034
18500040
18500047
18500055
18500065
18500076
18500089
18500105
18500123
18500145
18500170
18500200
18500235
18500276
18500324
18500381
18500447
18500525
18500617
18500725
18500851
18501000
18501174
18501378
18501619
18501901
18502232
18502621
18503078
18503615
18504245
18504985
18505853
18506873
18508071
18509478
18511130
18513070
18515347
18518022
18521163
18524851
18529182
18534267
18540239
18547251
18555486
18565155
18576510
18589843
18605500
18623886
18645475
18670827
18700597
18735555
18776605
18824808
18881412
18947881
19025932
19117586
19225212
19351593
19500000
