15500001
15500002
15500003
15500004
15500005
15500006
15500008
15500009
15500011
15500013
15500015
15500018
15500021
15500024
15500029
15500034
15500040
15500047
15500055
15500065
15500076
15500089
15500105
15500123
15500145
15500170
15500200
15500235
15500276
15500324
15500381
15500447
15500525
15500617
15500725
15500851
15501000
15501174
15501378
15501619
15501901
15502232
15502621
15503078
15503615
15504245
15504985
15505853
15506873
15508071
15509478
15511130
15513070
15515347
15518022
15521163
15524851
15529182
15534267
15540239
15547251
15555486
15565155
15576510
15589843
15605500
15623886
15645475
15670827
15700597
15735555
15776605
15824808
15881412
15947881
16025932
16117586
16225212
16351593
16500000
