18000001
18000002
18000003
18000004
18000005
18000006
18000008
18000009
18000011
18000013
18000015
18000018
18000021
18000024
18000029
18000034
18000040
18000047
18000055
18000065
18000076
18000089
18000105
18000123
18000145
18000170
18000200
18000235
18000276
18000324
18000381
18000447
18000525
18000617
18000725
18000851
18001000
18001174
18001378
18001619
18001901
18002232
18002621
18003078
18003615
18004245
18004985
18005853
18006873
18008071
18009478
18011130
18013070
18015347
18018022
18021163
18024851
18029182
18034267
18040239
18047251
18055486
18065155
18076510
18089843
18105500
18123886
18145475
18170827
18200597
18235555
18276605
18324808
18381412
18447881
18525932
18617586
18725212
18851593
19000000
