5500001
5500002
5500003
5500004
5500005
5500006
5500008
5500009
5500011
5500013
5500015
5500018
5500021
5500024
5500029
5500034
5500040
5500047
5500055
5500065
5500076
5500089
5500105
5500123
5500145
5500170
5500200
5500235
5500276
5500324
5500381
5500447
5500525
5500617
5500725
5500851
5501000
5501174
5501378
5501619
5501901
5502232
5502621
5503078
5503615
5504245
5504985
5505853
5506873
5508071
5509478
5511130
5513070
5515347
5518022
5521163
5524851
5529182
5534267
5540239
5547251
5555486
5565155
5576510
5589843
5605500
5623886
5645475
5670827
5700597
5735555
5776605
5824808
5881412
5947881
6025932
6117586
6225212
6351593
6500000
