10500001
10500002
10500003
10500004
10500005
10500006
10500008
10500009
10500011
10500013
10500015
10500018
10500021
10500024
10500029
10500034
10500040
10500047
10500055
10500065
10500076
10500089
10500105
10500123
10500145
10500170
10500200
10500235
10500276
10500324
10500381
10500447
10500525
10500617
10500725
10500851
10501000
10501174
10501378
10501619
10501901
10502232
10502621
10503078
10503615
10504245
10504985
10505853
10506873
10508071
10509478
10511130
10513070
10515347
10518022
10521163
10524851
10529182
10534267
10540239
10547251
10555486
10565155
10576510
10589843
10605500
10623886
10645475
10670827
10700597
10735555
10776605
10824808
10881412
10947881
11025932
11117586
11225212
11351593
11500000
