22000001
22000002
22000003
22000004
22000005
22000006
22000008
22000009
22000011
22000013
22000015
22000018
22000021
22000024
22000029
22000034
22000040
22000047
22000055
22000065
22000076
22000089
22000105
22000123
22000145
22000170
22000200
22000235
22000276
22000324
22000381
22000447
22000525
22000617
22000725
22000851
22001000
22001174
22001378
22001619
22001901
22002232
22002621
22003078
22003615
22004245
22004985
22005853
22006873
22008071
22009478
22011130
22013070
22015347
22018022
22021163
22024851
22029182
22034267
22040239
22047251
22055486
22065155
22076510
22089843
22105500
22123886
22145475
22170827
22200597
22235555
22276605
22324808
22381412
22447881
22525932
22617586
22725212
22851593
23000000
