23500001
23500002
23500003
23500004
23500005
23500006
23500008
23500009
23500011
23500013
23500015
23500018
23500021
23500024
23500029
23500034
23500040
23500047
23500055
23500065
23500076
23500089
23500105
23500123
23500145
23500170
23500200
23500235
23500276
23500324
23500381
23500447
23500525
23500617
23500725
23500851
23501000
23501174
23501378
23501619
23501901
23502232
23502621
23503078
23503615
23504245
23504985
23505853
23506873
23508071
23509478
23511130
23513070
23515347
23518022
23521163
23524851
23529182
23534267
23540239
23547251
23555486
23565155
23576510
23589843
23605500
23623886
23645475
23670827
23700597
23735555
23776605
23824808
23881412
23947881
24025932
24117586
24225212
24351593
24500000
