21500001
21500002
21500003
21500004
21500005
21500006
21500008
21500009
21500011
21500013
21500015
21500018
21500021
21500024
21500029
21500034
21500040
21500047
21500055
21500065
21500076
21500089
21500105
21500123
21500145
21500170
21500200
21500235
21500276
21500324
21500381
21500447
21500525
21500617
21500725
21500851
21501000
21501174
21501378
21501619
21501901
21502232
21502621
21503078
21503615
21504245
21504985
21505853
21506873
21508071
21509478
21511130
21513070
21515347
21518022
21521163
21524851
21529182
21534267
21540239
21547251
21555486
21565155
21576510
21589843
21605500
21623886
21645475
21670827
21700597
21735555
21776605
21824808
21881412
21947881
22025932
22117586
22225212
22351593
22500000
