4500001
4500002
4500003
4500004
4500005
4500006
4500008
4500009
4500011
4500013
4500015
4500018
4500021
4500024
4500029
4500034
4500040
4500047
4500055
4500065
4500076
4500089
4500105
4500123
4500145
4500170
4500200
4500235
4500276
4500324
4500381
4500447
4500525
4500617
4500725
4500851
4501000
4501174
4501378
4501619
4501901
4502232
4502621
4503078
4503615
4504245
4504985
4505853
4506873
4508071
4509478
4511130
4513070
4515347
4518022
4521163
4524851
4529182
4534267
4540239
4547251
4555486
4565155
4576510
4589843
4605500
4623886
4645475
4670827
4700597
4735555
4776605
4824808
4881412
4947881
5025932
5117586
5225212
5351593
5500000
