24500001
24500002
24500003
24500004
24500005
24500006
24500008
24500009
24500011
24500013
24500015
24500018
24500021
24500024
24500029
24500034
24500040
24500047
24500055
24500065
24500076
24500089
24500105
24500123
24500145
24500170
24500200
24500235
24500276
24500324
24500381
24500447
24500525
24500617
24500725
24500851
24501000
24501174
24501378
24501619
24501901
24502232
24502621
24503078
24503615
24504245
24504985
24505853
24506873
24508071
24509478
24511130
24513070
24515347
24518022
24521163
24524851
24529182
24534267
24540239
24547251
24555486
24565155
24576510
24589843
24605500
24623886
24645475
24670827
24700597
24735555
24776605
24824808
24881412
24947881
25025932
25117586
25225212
25351593
25500000
