19000001
19000002
19000003
19000004
19000005
19000006
19000008
19000009
19000011
19000013
19000015
19000018
19000021
19000024
19000029
19000034
19000040
19000047
19000055
19000065
19000076
19000089
19000105
19000123
19000145
19000170
19000200
19000235
19000276
19000324
19000381
19000447
19000525
19000617
19000725
19000851
19001000
19001174
19001378
19001619
19001901
19002232
19002621
19003078
19003615
19004245
19004985
19005853
19006873
19008071
19009478
19011130
19013070
19015347
19018022
19021163
19024851
19029182
19034267
19040239
19047251
19055486
19065155
19076510
19089843
19105500
19123886
19145475
19170827
19200597
19235555
19276605
19324808
19381412
19447881
19525932
19617586
19725212
19851593
20000000
