17000001
17000002
17000003
17000004
17000005
17000006
17000008
17000009
17000011
17000013
17000015
17000018
17000021
17000024
17000029
17000034
17000040
17000047
17000055
17000065
17000076
17000089
17000105
17000123
17000145
17000170
17000200
17000235
17000276
17000324
17000381
17000447
17000525
17000617
17000725
17000851
17001000
17001174
17001378
17001619
17001901
17002232
17002621
17003078
17003615
17004245
17004985
17005853
17006873
17008071
17009478
17011130
17013070
17015347
17018022
17021163
17024851
17029182
17034267
17040239
17047251
17055486
17065155
17076510
17089843
17105500
17123886
17145475
17170827
17200597
17235555
17276605
17324808
17381412
17447881
17525932
17617586
17725212
17851593
18000000
