13000001
13000002
13000003
13000004
13000005
13000006
13000008
13000009
13000011
13000013
13000015
13000018
13000021
13000024
13000029
13000034
13000040
13000047
13000055
13000065
13000076
13000089
13000105
13000123
13000145
13000170
13000200
13000235
13000276
13000324
13000381
13000447
13000525
13000617
13000725
13000851
13001000
13001174
13001378
13001619
13001901
13002232
13002621
13003078
13003615
13004245
13004985
13005853
13006873
13008071
13009478
13011130
13013070
13015347
13018022
13021163
13024851
13029182
13034267
13040239
13047251
13055486
13065155
13076510
13089843
13105500
13123886
13145475
13170827
13200597
13235555
13276605
13324808
13381412
13447881
13525932
13617586
13725212
13851593
14000000
