9500001
9500002
9500003
9500004
9500005
9500006
9500008
9500009
9500011
9500013
9500015
9500018
9500021
9500024
9500029
9500034
9500040
9500047
9500055
9500065
9500076
9500089
9500105
9500123
9500145
9500170
9500200
9500235
9500276
9500324
9500381
9500447
9500525
9500617
9500725
9500851
9501000
9501174
9501378
9501619
9501901
9502232
9502621
9503078
9503615
9504245
9504985
9505853
9506873
9508071
9509478
9511130
9513070
9515347
9518022
9521163
9524851
9529182
9534267
9540239
9547251
9555486
9565155
9576510
9589843
9605500
9623886
9645475
9670827
9700597
9735555
9776605
9824808
9881412
9947881
10025932
10117586
10225212
10351593
10500000
