17500001
17500002
17500003
17500004
17500005
17500006
17500008
17500009
17500011
17500013
17500015
17500018
17500021
17500024
17500029
17500034
17500040
17500047
17500055
17500065
17500076
17500089
17500105
17500123
17500145
17500170
17500200
17500235
17500276
17500324
17500381
17500447
17500525
17500617
17500725
17500851
17501000
17501174
17501378
17501619
17501901
17502232
17502621
17503078
17503615
17504245
17504985
17505853
17506873
17508071
17509478
17511130
17513070
17515347
17518022
17521163
17524851
17529182
17534267
17540239
17547251
17555486
17565155
17576510
17589843
17605500
17623886
17645475
17670827
17700597
17735555
17776605
17824808
17881412
17947881
18025932
18117586
18225212
18351593
18500000
