22500001
22500002
22500003
22500004
22500005
22500006
22500008
22500009
22500011
22500013
22500015
22500018
22500021
22500024
22500029
22500034
22500040
22500047
22500055
22500065
22500076
22500089
22500105
22500123
22500145
22500170
22500200
22500235
22500276
22500324
22500381
22500447
22500525
22500617
22500725
22500851
22501000
22501174
22501378
22501619
22501901
22502232
22502621
22503078
22503615
22504245
22504985
22505853
22506873
22508071
22509478
22511130
22513070
22515347
22518022
22521163
22524851
22529182
22534267
22540239
22547251
22555486
22565155
22576510
22589843
22605500
22623886
22645475
22670827
22700597
22735555
22776605
22824808
22881412
22947881
23025932
23117586
23225212
23351593
23500000
