15000001
15000002
15000003
15000004
15000005
15000006
15000008
15000009
15000011
15000013
15000015
15000018
15000021
15000024
15000029
15000034
15000040
15000047
15000055
15000065
15000076
15000089
15000105
15000123
15000145
15000170
15000200
15000235
15000276
15000324
15000381
15000447
15000525
15000617
15000725
15000851
15001000
15001174
15001378
15001619
15001901
15002232
15002621
15003078
15003615
15004245
15004985
15005853
15006873
15008071
15009478
15011130
15013070
15015347
15018022
15021163
15024851
15029182
15034267
15040239
15047251
15055486
15065155
15076510
15089843
15105500
15123886
15145475
15170827
15200597
15235555
15276605
15324808
15381412
15447881
15525932
15617586
15725212
15851593
16000000
