19500001
19500002
19500003
19500004
19500005
19500006
19500008
19500009
19500011
19500013
19500015
19500018
19500021
19500024
19500029
19500034
19500040
19500047
19500055
19500065
19500076
19500089
19500105
19500123
19500145
19500170
19500200
19500235
19500276
19500324
19500381
19500447
19500525
19500617
19500725
19500851
19501000
19501174
19501378
19501619
19501901
19502232
19502621
19503078
19503615
19504245
19504985
19505853
19506873
19508071
19509478
19511130
19513070
19515347
19518022
19521163
19524851
19529182
19534267
19540239
19547251
19555486
19565155
19576510
19589843
19605500
19623886
19645475
19670827
19700597
19735555
19776605
19824808
19881412
19947881
20025932
20117586
20225212
20351593
20500000
