16500001
16500002
16500003
16500004
16500005
16500006
16500008
16500009
16500011
16500013
16500015
16500018
16500021
16500024
16500029
16500034
16500040
16500047
16500055
16500065
16500076
16500089
16500105
16500123
16500145
16500170
16500200
16500235
16500276
16500324
16500381
16500447
16500525
16500617
16500725
16500851
16501000
16501174
16501378
16501619
16501901
16502232
16502621
16503078
16503615
16504245
16504985
16505853
16506873
16508071
16509478
16511130
16513070
16515347
16518022
16521163
16524851
16529182
16534267
16540239
16547251
16555486
16565155
16576510
16589843
16605500
16623886
16645475
16670827
16700597
16735555
16776605
16824808
16881412
16947881
17025932
17117586
17225212
17351593
17500000
