12500001
12500002
12500003
12500004
12500005
12500006
12500008
12500009
12500011
12500013
12500015
12500018
12500021
12500024
12500029
12500034
12500040
12500047
12500055
12500065
12500076
12500089
12500105
12500123
12500145
12500170
12500200
12500235
12500276
12500324
12500381
12500447
12500525
12500617
12500725
12500851
12501000
12501174
12501378
12501619
12501901
12502232
12502621
12503078
12503615
12504245
12504985
12505853
12506873
12508071
12509478
12511130
12513070
12515347
12518022
12521163
12524851
12529182
12534267
12540239
12547251
12555486
12565155
12576510
12589843
12605500
12623886
12645475
12670827
12700597
12735555
12776605
12824808
12881412
12947881
13025932
13117586
13225212
13351593
13500000
