7500001
7500002
7500003
7500004
7500005
7500006
7500008
7500009
7500011
7500013
7500015
7500018
7500021
7500024
7500029
7500034
7500040
7500047
7500055
7500065
7500076
7500089
7500105
7500123
7500145
7500170
7500200
7500235
7500276
7500324
7500381
7500447
7500525
7500617
7500725
7500851
7501000
7501174
7501378
7501619
7501901
7502232
7502621
7503078
7503615
7504245
7504985
7505853
7506873
7508071
7509478
7511130
7513070
7515347
7518022
7521163
7524851
7529182
7534267
7540239
7547251
7555486
7565155
7576510
7589843
7605500
7623886
7645475
7670827
7700597
7735555
7776605
7824808
7881412
7947881
8025932
8117586
8225212
8351593
8500000
