2500001
2500002
2500003
2500004
2500005
2500006
2500008
2500009
2500011
2500013
2500015
2500018
2500021
2500024
2500029
2500034
2500040
2500047
2500055
2500065
2500076
2500089
2500105
2500123
2500145
2500170
2500200
2500235
2500276
2500324
2500381
2500447
2500525
2500617
2500725
2500851
2501000
2501174
2501378
2501619
2501901
2502232
2502621
2503078
2503615
2504245
2504985
2505853
2506873
2508071
2509478
2511130
2513070
2515347
2518022
2521163
2524851
2529182
2534267
2540239
2547251
2555486
2565155
2576510
2589843
2605500
2623886
2645475
2670827
2700597
2735555
2776605
2824808
2881412
2947881
3025932
3117586
3225212
3351593
3500000
