11000001
11000002
11000003
11000004
11000005
11000006
11000008
11000009
11000011
11000013
11000015
11000018
11000021
11000024
11000029
11000034
11000040
11000047
11000055
11000065
11000076
11000089
11000105
11000123
11000145
11000170
11000200
11000235
11000276
11000324
11000381
11000447
11000525
11000617
11000725
11000851
11001000
11001174
11001378
11001619
11001901
11002232
11002621
11003078
11003615
11004245
11004985
11005853
11006873
11008071
11009478
11011130
11013070
11015347
11018022
11021163
11024851
11029182
11034267
11040239
11047251
11055486
11065155
11076510
11089843
11105500
11123886
11145475
11170827
11200597
11235555
11276605
11324808
11381412
11447881
11525932
11617586
11725212
11851593
12000000
