1500001
1500002
1500003
1500004
1500005
1500006
1500008
1500009
1500011
1500013
1500015
1500018
1500021
1500024
1500029
1500034
1500040
1500047
1500055
1500065
1500076
1500089
1500105
1500123
1500145
1500170
1500200
1500235
1500276
1500324
1500381
1500447
1500525
1500617
1500725
1500851
1501000
1501174
1501378
1501619
1501901
1502232
1502621
1503078
1503615
1504245
1504985
1505853
1506873
1508071
1509478
1511130
1513070
1515347
1518022
1521163
1524851
1529182
1534267
1540239
1547251
1555486
1565155
1576510
1589843
1605500
1623886
1645475
1670827
1700597
1735555
1776605
1824808
1881412
1947881
2025932
2117586
2225212
2351593
2500000
