14500001
14500002
14500003
14500004
14500005
14500006
14500008
14500009
14500011
14500013
14500015
14500018
14500021
14500024
14500029
14500034
14500040
14500047
14500055
14500065
14500076
14500089
14500105
14500123
14500145
14500170
14500200
14500235
14500276
14500324
14500381
14500447
14500525
14500617
14500725
14500851
14501000
14501174
14501378
14501619
14501901
14502232
14502621
14503078
14503615
14504245
14504985
14505853
14506873
14508071
14509478
14511130
14513070
14515347
14518022
14521163
14524851
14529182
14534267
14540239
14547251
14555486
14565155
14576510
14589843
14605500
14623886
14645475
14670827
14700597
14735555
14776605
14824808
14881412
14947881
15025932
15117586
15225212
15351593
15500000
