8500001
8500002
8500003
8500004
8500005
8500006
8500008
8500009
8500011
8500013
8500015
8500018
8500021
8500024
8500029
8500034
8500040
8500047
8500055
8500065
8500076
8500089
8500105
8500123
8500145
8500170
8500200
8500235
8500276
8500324
8500381
8500447
8500525
8500617
8500725
8500851
8501000
8501174
8501378
8501619
8501901
8502232
8502621
8503078
8503615
8504245
8504985
8505853
8506873
8508071
8509478
8511130
8513070
8515347
8518022
8521163
8524851
8529182
8534267
8540239
8547251
8555486
8565155
8576510
8589843
8605500
8623886
8645475
8670827
8700597
8735555
8776605
8824808
8881412
8947881
9025932
9117586
9225212
9351593
9500000
