11500001
11500002
11500003
11500004
11500005
11500006
11500008
11500009
11500011
11500013
11500015
11500018
11500021
11500024
11500029
11500034
11500040
11500047
11500055
11500065
11500076
11500089
11500105
11500123
11500145
11500170
11500200
11500235
11500276
11500324
11500381
11500447
11500525
11500617
11500725
11500851
11501000
11501174
11501378
11501619
11501901
11502232
11502621
11503078
11503615
11504245
11504985
11505853
11506873
11508071
11509478
11511130
11513070
11515347
11518022
11521163
11524851
11529182
11534267
11540239
11547251
11555486
11565155
11576510
11589843
11605500
11623886
11645475
11670827
11700597
11735555
11776605
11824808
11881412
11947881
12025932
12117586
12225212
12351593
12500000
