24000001
24000002
24000003
24000004
24000005
24000006
24000008
24000009
24000011
24000013
24000015
24000018
24000021
24000024
24000029
24000034
24000040
24000047
24000055
24000065
24000076
24000089
24000105
24000123
24000145
24000170
24000200
24000235
24000276
24000324
24000381
24000447
24000525
24000617
24000725
24000851
24001000
24001174
24001378
24001619
24001901
24002232
24002621
24003078
24003615
24004245
24004985
24005853
24006873
24008071
24009478
24011130
24013070
24015347
24018022
24021163
24024851
24029182
24034267
24040239
24047251
24055486
24065155
24076510
24089843
24105500
24123886
24145475
24170827
24200597
24235555
24276605
24324808
24381412
24447881
24525932
24617586
24725212
24851593
25000000
