20500001
20500002
20500003
20500004
20500005
20500006
20500008
20500009
20500011
20500013
20500015
20500018
20500021
20500024
20500029
20500034
20500040
20500047
20500055
20500065
20500076
20500089
20500105
20500123
20500145
20500170
20500200
20500235
20500276
20500324
20500381
20500447
20500525
20500617
20500725
20500851
20501000
20501174
20501378
20501619
20501901
20502232
20502621
20503078
20503615
20504245
20504985
20505853
20506873
20508071
20509478
20511130
20513070
20515347
20518022
20521163
20524851
20529182
20534267
20540239
20547251
20555486
20565155
20576510
20589843
20605500
20623886
20645475
20670827
20700597
20735555
20776605
20824808
20881412
20947881
21025932
21117586
21225212
21351593
21500000
