6500001
6500002
6500003
6500004
6500005
6500006
6500008
6500009
6500011
6500013
6500015
6500018
6500021
6500024
6500029
6500034
6500040
6500047
6500055
6500065
6500076
6500089
6500105
6500123
6500145
6500170
6500200
6500235
6500276
6500324
6500381
6500447
6500525
6500617
6500725
6500851
6501000
6501174
6501378
6501619
6501901
6502232
6502621
6503078
6503615
6504245
6504985
6505853
6506873
6508071
6509478
6511130
6513070
6515347
6518022
6521163
6524851
6529182
6534267
6540239
6547251
6555486
6565155
6576510
6589843
6605500
6623886
6645475
6670827
6700597
6735555
6776605
6824808
6881412
6947881
7025932
7117586
7225212
7351593
7500000
