23000001
23000002
23000003
23000004
23000005
23000006
23000008
23000009
23000011
23000013
23000015
23000018
23000021
23000024
23000029
23000034
23000040
23000047
23000055
23000065
23000076
23000089
23000105
23000123
23000145
23000170
23000200
23000235
23000276
23000324
23000381
23000447
23000525
23000617
23000725
23000851
23001000
23001174
23001378
23001619
23001901
23002232
23002621
23003078
23003615
23004245
23004985
23005853
23006873
23008071
23009478
23011130
23013070
23015347
23018022
23021163
23024851
23029182
23034267
23040239
23047251
23055486
23065155
23076510
23089843
23105500
23123886
23145475
23170827
23200597
23235555
23276605
23324808
23381412
23447881
23525932
23617586
23725212
23851593
24000000
