13500001
13500002
13500003
13500004
13500005
13500006
13500008
13500009
13500011
13500013
13500015
13500018
13500021
13500024
13500029
13500034
13500040
13500047
13500055
13500065
13500076
13500089
13500105
13500123
13500145
13500170
13500200
13500235
13500276
13500324
13500381
13500447
13500525
13500617
13500725
13500851
13501000
13501174
13501378
13501619
13501901
13502232
13502621
13503078
13503615
13504245
13504985
13505853
13506873
13508071
13509478
13511130
13513070
13515347
13518022
13521163
13524851
13529182
13534267
13540239
13547251
13555486
13565155
13576510
13589843
13605500
13623886
13645475
13670827
13700597
13735555
13776605
13824808
13881412
13947881
14025932
14117586
14225212
14351593
14500000
