10000001
10000002
10000003
10000004
10000005
10000006
10000008
10000009
10000011
10000013
10000015
10000018
10000021
10000024
10000029
10000034
10000040
10000047
10000055
10000065
10000076
10000089
10000105
10000123
10000145
10000170
10000200
10000235
10000276
10000324
10000381
10000447
10000525
10000617
10000725
10000851
10001000
10001174
10001378
10001619
10001901
10002232
10002621
10003078
10003615
10004245
10004985
10005853
10006873
10008071
10009478
10011130
10013070
10015347
10018022
10021163
10024851
10029182
10034267
10040239
10047251
10055486
10065155
10076510
10089843
10105500
10123886
10145475
10170827
10200597
10235555
10276605
10324808
10381412
10447881
10525932
10617586
10725212
10851593
11000000
