1
2
3
4
5
6
7
8
9
10
11
12
14
15
17
18
20
22
25
27
30
34
37
41
45
50
55
61
67
74
82
90
100
110
121
134
147
163
180
198
218
241
266
293
324
357
394
434
479
528
583
643
709
782
863
952
1050
1158
1277
1409
1554
1714
1890
2085
2299
2536
2797
3085
3403
3753
4140
4566
5001
5002
5003
5004
5005
5006
5007
5008
5009
5010
5011
5012
5014
5015
5017
5018
5020
5022
5025
5027
5030
5034
5036
5037
5041
5045
5050
5055
5061
5067
5074
5082
5090
5100
5110
5121
5134
5147
5163
5180
5198
5218
5241
5266
5293
5324
5357
5394
5434
5479
5528
5554
5583
5643
5709
5782
5863
5952
6050
6126
6158
6277
6409
6554
6714
6757
6890
7085
7299
7453
7536
7797
8085
8220
8403
8753
9066
9140
9566
10000
10001
10002
10003
10004
10005
10006
10007
10008
10009
10010
10011
10012
10014
10015
10017
10018
10020
10022
10025
10027
10030
10034
10036
10037
10041
10045
10050
10055
10061
10067
10074
10082
10090
10100
10110
10121
10134
10147
10163
10180
10198
10218
10241
10266
10293
10324
10357
10394
10434
10479
10528
10554
10583
10643
10709
10782
10863
10952
11050
11126
11158
11277
11409
11554
11714
11757
11890
12085
12299
12453
12536
12797
13085
13220
13403
13753
14066
14140
14566
15000
15001
15002
15003
15004
15005
15006
15007
15008
15009
15010
15011
15012
15014
15015
15017
15018
15020
15022
15025
15027
15030
15034
15036
15037
15041
15045
15050
15055
15061
15067
15074
15082
15090
15100
15110
15121
15134
15147
15163
15180
15198
15218
15241
15266
15293
15324
15357
15394
15434
15479
15528
15554
15583
15643
15709
15782
15863
15952
16050
16126
16158
16277
16409
16554
16714
16757
16890
17085
17299
17453
17536
17797
18085
18220
18403
18753
19066
19140
19566
20000
20001
20002
20003
20004
20005
20006
20007
20008
20009
20010
20011
20012
20014
20015
20017
20018
20020
20022
20025
20027
20030
20034
20036
20037
20041
20045
20050
20055
20061
20067
20074
20082
20090
20100
20110
20121
20134
20147
20163
20180
20198
20218
20241
20266
20293
20324
20357
20394
20434
20479
20528
20554
20583
20643
20709
20782
20863
20952
21050
21126
21158
21277
21409
21554
21714
21757
21890
22085
22299
22453
22536
22797
23085
23220
23403
23753
24066
24140
24566
25000
25001
25002
25003
25004
25005
25006
25007
25008
25009
25010
25011
25012
25014
25015
25017
25018
25020
25022
25025
25027
25030
25034
25036
25037
25041
25045
25050
25055
25061
25067
25074
25082
25090
25100
25110
25121
25134
25147
25163
25180
25198
25218
25241
25266
25293
25324
25357
25394
25434
25479
25528
25554
25583
25643
25709
25782
25863
25952
26050
26126
26158
26277
26409
26554
26714
26757
26890
27085
27299
27453
27536
27797
28085
28220
28403
28753
29066
29140
29566
30000
30001
30002
30003
30004
30005
30006
30007
30008
30009
30010
30011
30012
30014
30015
30017
30018
30020
30022
30025
30027
30030
30034
30036
30037
30041
30045
30050
30055
30061
30067
30074
30082
30090
30100
30110
30121
30134
30147
30163
30180
30198
30218
30241
30266
30293
30324
30357
30394
30434
30479
30528
30554
30583
30643
30709
30782
30863
30952
31050
31126
31158
31277
31409
31554
31714
31757
31890
32085
32299
32453
32536
32797
33085
33220
33403
33753
34066
34140
34566
35000
35001
35002
35003
35004
35005
35006
35007
35008
35009
35010
35011
35012
35014
35015
35017
35018
35020
35022
35025
35027
35030
35034
35036
35037
35041
35045
35050
35055
35061
35067
35074
35082
35090
35100
35110
35121
35134
35147
35163
35180
35198
35218
35241
35266
35293
35324
35357
35394
35434
35479
35528
35554
35583
35643
35709
35782
35863
35952
36050
36126
36158
36277
36409
36554
36714
36757
36890
37085
37299
37453
37536
37797
38085
38220
38403
38753
39066
39140
39566
40000
40001
40002
40003
40004
40005
40006
40007
40008
40009
40010
40011
40012
40014
40015
40017
40018
40020
40022
40025
40027
40030
40034
40036
40037
40041
40045
40050
40055
40061
40067
40074
40082
40090
40100
40110
40121
40134
40147
40163
40180
40198
40218
40241
40266
40293
40324
40357
40394
40434
40479
40528
40554
40583
40643
40709
40782
40863
40952
41050
41126
41158
41277
41409
41554
41714
41757
41890
42085
42299
42453
42536
42797
43085
43220
43403
43753
44066
44140
44566
45000
45001
45002
45003
45004
45005
45006
45007
45008
45009
45010
45011
45012
45014
45015
45017
45018
45020
45022
45025
45027
45030
45034
45036
45037
45041
45045
45050
45055
45061
45067
45074
45082
45090
45100
45110
45121
45134
45147
45163
45180
45198
45218
45241
45266
45293
45324
45357
45394
45434
45479
45528
45554
45583
45643
45709
45782
45863
45952
46050
46126
46158
46277
46409
46554
46714
46757
46890
47085
47299
47453
47536
47797
48085
48220
48403
48753
49066
49140
49566
50000
50001
50002
50003
50004
50005
50006
50007
50008
50009
50010
50011
50012
50014
50015
50017
50018
50020
50022
50025
50027
50030
50034
50036
50037
50041
50045
50050
50055
50061
50067
50074
50082
50090
50100
50110
50121
50134
50147
50163
50180
50198
50218
50241
50266
50293
50324
50357
50394
50434
50479
50528
50554
50583
50643
50709
50782
50863
50952
51050
51126
51158
51277
51409
51554
51714
51757
51890
52085
52299
52453
52536
52797
53085
53220
53403
53753
54066
54140
54566
55000
55001
55002
55003
55004
55005
55006
55007
55008
55009
55010
55011
55012
55014
55015
55017
55018
55020
55022
55025
55027
55030
55034
55036
55037
55041
55045
55050
55055
55061
55067
55074
55082
55090
55100
55110
55121
55134
55147
55163
55180
55198
55218
55241
55266
55293
55324
55357
55394
55434
55479
55528
55554
55583
55643
55709
55782
55863
55952
56050
56126
56158
56277
56409
56554
56714
56757
56890
57085
57299
57453
57536
57797
58085
58220
58403
58753
59066
59140
59566
60000
60001
60002
60003
60004
60005
60006
60007
60008
60009
60010
60011
60012
60014
60015
60017
60018
60020
60022
60025
60027
60030
60034
60036
60037
60041
60045
60050
60055
60061
60067
60074
60082
60090
60100
60110
60121
60134
60147
60163
60180
60198
60218
60241
60266
60293
60324
60357
60394
60434
60479
60528
60554
60583
60643
60709
60782
60863
60952
61050
61126
61158
61277
61409
61554
61714
61757
61890
62085
62299
62453
62536
62797
63085
63220
63403
63753
64066
64140
64566
65000
65001
65002
65003
65004
65005
65006
65007
65008
65009
65010
65011
65012
65014
65015
65017
65018
65020
65022
65025
65027
65030
65034
65036
65037
65041
65045
65050
65055
65061
65067
65074
65082
65090
65100
65110
65121
65134
65147
65163
65180
65198
65218
65241
65266
65293
65324
65357
65394
65434
65479
65528
65554
65583
65643
65709
65782
65863
65952
66050
66126
66158
66277
66409
66554
66714
66757
66890
67085
67299
67453
67536
67797
68085
68220
68403
68753
69066
69140
69566
70000
70001
70002
70003
70004
70005
70006
70007
70008
70009
70010
70011
70012
70014
70015
70017
70018
70020
70022
70025
70027
70030
70034
70036
70037
70041
70045
70050
70055
70061
70067
70074
70082
70090
70100
70110
70121
70134
70147
70163
70180
70198
70218
70241
70266
70293
70324
70357
70394
70434
70479
70528
70554
70583
70643
70709
70782
70863
70952
71050
71126
71158
71277
71409
71554
71714
71757
71890
72085
72299
72453
72536
72797
73085
73220
73403
73753
74066
74140
74566
75000
75001
75002
75003
75004
75005
75006
75007
75008
75009
75010
75011
75012
75014
75015
75017
75018
75020
75022
75025
75027
75030
75034
75036
75037
75041
75045
75050
75055
75061
75067
75074
75082
75090
75100
75110
75121
75134
75147
75163
75180
75198
75218
75241
75266
75293
75324
75357
75394
75434
75479
75528
75554
75583
75643
75709
75782
75863
75952
76050
76126
76158
76277
76409
76554
76714
76757
76890
77085
77299
77453
77536
77797
78085
78220
78403
78753
79066
79140
79566
80000
80001
80002
80003
80004
80005
80006
80007
80008
80009
80010
80011
80012
80014
80015
80017
80018
80020
80022
80025
80027
80030
80034
80036
80037
80041
80045
80050
80055
80061
80067
80074
80082
80090
80100
80110
80121
80134
80147
80163
80180
80198
80218
80241
80266
80293
80324
80357
80394
80434
80479
80528
80554
80583
80643
80709
80782
80863
80952
81050
81126
81158
81277
81409
81554
81714
81757
81890
82085
82299
82453
82536
82797
83085
83220
83403
83753
84066
84140
84566
85000
85001
85002
85003
85004
85005
85006
85007
85008
85009
85010
85011
85012
85014
85015
85017
85018
85020
85022
85025
85027
85030
85034
85036
85037
85041
85045
85050
85055
85061
85067
85074
85082
85090
85100
85110
85121
85134
85147
85163
85180
85198
85218
85241
85266
85293
85324
85357
85394
85434
85479
85528
85554
85583
85643
85709
85782
85863
85952
86050
86126
86158
86277
86409
86554
86714
86757
86890
87085
87299
87453
87536
87797
88085
88220
88403
88753
89066
89140
89566
90000
90001
90002
90003
90004
90005
90006
90007
90008
90009
90010
90011
90012
90014
90015
90017
90018
90020
90022
90025
90027
90030
90034
90036
90037
90041
90045
90050
90055
90061
90067
90074
90082
90090
90100
90110
90121
90134
90147
90163
90180
90198
90218
90241
90266
90293
90324
90357
90394
90434
90479
90528
90554
90583
90643
90709
90782
90863
90952
91050
91126
91158
91277
91409
91554
91714
91757
91890
92085
92299
92453
92536
92797
93085
93220
93403
93753
94066
94140
94566
95000
95001
95002
95003
95004
95005
95006
95007
95008
95009
95010
95011
95012
95014
95015
95017
95018
95020
95022
95025
95027
95030
95034
95036
95037
95041
95045
95050
95055
95061
95067
95074
95082
95090
95100
95110
95121
95134
95147
95163
95180
95198
95218
95241
95266
95293
95324
95357
95394
95434
95479
95528
95554
95583
95643
95709
95782
95863
95952
96050
96126
96158
96277
96409
96554
96714
96757
96890
97085
97299
97453
97536
97797
98085
98220
98403
98753
99066
99140
99566
100000
100001
100002
100003
100004
100005
100006
100007
100008
100009
100010
100011
100012
100014
100015
100017
100018
100020
100022
100025
100027
100030
100034
100036
100037
100041
100045
100050
100055
100061
100067
100074
100082
100090
100100
100110
100121
100134
100147
100163
100180
100198
100218
100241
100266
100293
100324
100357
100394
100434
100479
100528
100554
100583
100643
100709
100782
100863
100952
101050
101126
101158
101277
101409
101554
101714
101757
101890
102085
102299
102453
102536
102797
103085
103220
103403
103753
104066
104140
104566
105000
105001
105002
105003
105004
105005
105006
105007
105008
105009
105010
105011
105012
105014
105015
105017
105018
105020
105022
105025
105027
105030
105034
105036
105037
105041
105045
105050
105055
105061
105067
105074
105082
105090
105100
105110
105121
105134
105147
105163
105180
105198
105218
105241
105266
105293
105324
105357
105394
105434
105479
105528
105554
105583
105643
105709
105782
105863
105952
106050
106126
106158
106277
106409
106554
106714
106757
106890
107085
107299
107453
107536
107797
108085
108220
108403
108753
109066
109140
109566
110000
110001
110002
110003
110004
110005
110006
110007
110008
110009
110010
110011
110012
110014
110015
110017
110018
110020
110022
110025
110027
110030
110034
110036
110037
110041
110045
110050
110055
110061
110067
110074
110082
110090
110100
110110
110121
110134
110147
110163
110180
110198
110218
110241
110266
110293
110324
110357
110394
110434
110479
110528
110554
110583
110643
110709
110782
110863
110952
111050
111126
111158
111277
111409
111554
111714
111757
111890
112085
112299
112453
112536
112797
113085
113220
113403
113753
114066
114140
114566
115000
115001
115002
115003
115004
115005
115006
115007
115008
115009
115010
115011
115012
115014
115015
115017
115018
115020
115022
115025
115027
115030
115034
115036
115037
115041
115045
115050
115055
115061
115067
115074
115082
115090
115100
115110
115121
115134
115147
115163
115180
115198
115218
115241
115266
115293
115324
115357
115394
115434
115479
115528
115554
115583
115643
115709
115782
115863
115952
116050
116126
116158
116277
116409
116554
116714
116757
116890
117085
117299
117453
117536
117797
118085
118220
118403
118753
119066
119140
119566
120000
120001
120002
120003
120004
120005
120006
120007
120008
120009
120010
120011
120012
120014
120015
120017
120018
120020
120022
120025
120027
120030
120034
120036
120037
120041
120045
120050
120055
120061
120067
120074
120082
120090
120100
120110
120121
120134
120147
120163
120180
120198
120218
120241
120266
120293
120324
120357
120394
120434
120479
120528
120554
120583
120643
120709
120782
120863
120952
121050
121126
121158
121277
121409
121554
121714
121757
121890
122085
122299
122453
122536
122797
123085
123220
123403
123753
124066
124140
124566
125000
125001
125002
125003
125004
125005
125006
125007
125008
125009
125010
125011
125012
125014
125015
125017
125018
125020
125022
125025
125027
125030
125034
125036
125037
125041
125045
125050
125055
125061
125067
125074
125082
125090
125100
125110
125121
125134
125147
125163
125180
125198
125218
125241
125266
125293
125324
125357
125394
125434
125479
125528
125554
125583
125643
125709
125782
125863
125952
126050
126126
126158
126277
126409
126554
126714
126757
126890
127085
127299
127453
127536
127797
128085
128220
128403
128753
129066
129140
129566
130000
130001
130002
130003
130004
130005
130006
130007
130008
130009
130010
130011
130012
130014
130015
130017
130018
130020
130022
130025
130027
130030
130034
130036
130037
130041
130045
130050
130055
130061
130067
130074
130082
130090
130100
130110
130121
130134
130147
130163
130180
130198
130218
130241
130266
130293
130324
130357
130394
130434
130479
130528
130554
130583
130643
130709
130782
130863
130952
131050
131126
131158
131277
131409
131554
131714
131757
131890
132085
132299
132453
132536
132797
133085
133220
133403
133753
134066
134140
134566
135000
135001
135002
135003
135004
135005
135006
135007
135008
135009
135010
135011
135012
135014
135015
135017
135018
135020
135022
135025
135027
135030
135034
135036
135037
135041
135045
135050
135055
135061
135067
135074
135082
135090
135100
135110
135121
135134
135147
135163
135180
135198
135218
135241
135266
135293
135324
135357
135394
135434
135479
135528
135554
135583
135643
135709
135782
135863
135952
136050
136126
136158
136277
136409
136554
136714
136757
136890
137085
137299
137453
137536
137797
138085
138220
138403
138753
139066
139140
139566
140000
140001
140002
140003
140004
140005
140006
140007
140008
140009
140010
140011
140012
140014
140015
140017
140018
140020
140022
140025
140027
140030
140034
140036
140037
140041
140045
140050
140055
140061
140067
140074
140082
140090
140100
140110
140121
140134
140147
140163
140180
140198
140218
140241
140266
140293
140324
140357
140394
140434
140479
140528
140554
140583
140643
140709
140782
140863
140952
141050
141126
141158
141277
141409
141554
141714
141757
141890
142085
142299
142453
142536
142797
143085
143220
143403
143753
144066
144140
144566
145000
145001
145002
145003
145004
145005
145006
145007
145008
145009
145010
145011
145012
145014
145015
145017
145018
145020
145022
145025
145027
145030
145034
145036
145037
145041
145045
145050
145055
145061
145067
145074
145082
145090
145100
145110
145121
145134
145147
145163
145180
145198
145218
145241
145266
145293
145324
145357
145394
145434
145479
145528
145554
145583
145643
145709
145782
145863
145952
146050
146126
146158
146277
146409
146554
146714
146757
146890
147085
147299
147453
147536
147797
148085
148220
148403
148753
149066
149140
149566
150000
150001
150002
150003
150004
150005
150006
150007
150008
150009
150010
150011
150012
150014
150015
150017
150018
150020
150022
150025
150027
150030
150034
150036
150037
150041
150045
150050
150055
150061
150067
150074
150082
150090
150100
150110
150121
150134
150147
150163
150180
150198
150218
150241
150266
150293
150324
150357
150394
150434
150479
150528
150554
150583
150643
150709
150782
150863
150952
151050
151126
151158
151277
151409
151554
151714
151757
151890
152085
152299
152453
152536
152797
153085
153220
153403
153753
154066
154140
154566
155000
155001
155002
155003
155004
155005
155006
155007
155008
155009
155010
155011
155012
155014
155015
155017
155018
155020
155022
155025
155027
155030
155034
155036
155037
155041
155045
155050
155055
155061
155067
155074
155082
155090
155100
155110
155121
155134
155147
155163
155180
155198
155218
155241
155266
155293
155324
155357
155394
155434
155479
155528
155554
155583
155643
155709
155782
155863
155952
156050
156126
156158
156277
156409
156554
156714
156757
156890
157085
157299
157453
157536
157797
158085
158220
158403
158753
159066
159140
159566
160000
160001
160002
160003
160004
160005
160006
160007
160008
160009
160010
160011
160012
160014
160015
160017
160018
160020
160022
160025
160027
160030
160034
160036
160037
160041
160045
160050
160055
160061
160067
160074
160082
160090
160100
160110
160121
160134
160147
160163
160180
160198
160218
160241
160266
160293
160324
160357
160394
160434
160479
160528
160554
160583
160643
160709
160782
160863
160952
161050
161126
161158
161277
161409
161554
161714
161757
161890
162085
162299
162453
162536
162797
163085
163220
163403
163753
164066
164140
164566
165000
165001
165002
165003
165004
165005
165006
165007
165008
165009
165010
165011
165012
165014
165015
165017
165018
165020
165022
165025
165027
165030
165034
165036
165037
165041
165045
165050
165055
165061
165067
165074
165082
165090
165100
165110
165121
165134
165147
165163
165180
165198
165218
165241
165266
165293
165324
165357
165394
165434
165479
165528
165554
165583
165643
165709
165782
165863
165952
166050
166126
166158
166277
166409
166554
166714
166757
166890
167085
167299
167453
167536
167797
168085
168220
168403
168753
169066
169140
169566
170000
170001
170002
170003
170004
170005
170006
170007
170008
170009
170010
170011
170012
170014
170015
170017
170018
170020
170022
170025
170027
170030
170034
170036
170037
170041
170045
170050
170055
170061
170067
170074
170082
170090
170100
170110
170121
170134
170147
170163
170180
170198
170218
170241
170266
170293
170324
170357
170394
170434
170479
170528
170554
170583
170643
170709
170782
170863
170952
171050
171126
171158
171277
171409
171554
171714
171757
171890
172085
172299
172453
172536
172797
173085
173220
173403
173753
174066
174140
174566
175000
175001
175002
175003
175004
175005
175006
175007
175008
175009
175010
175011
175012
175014
175015
175017
175018
175020
175022
175025
175027
175030
175034
175036
175037
175041
175045
175050
175055
175061
175067
175074
175082
175090
175100
175110
175121
175134
175147
175163
175180
175198
175218
175241
175266
175293
175324
175357
175394
175434
175479
175528
175554
175583
175643
175709
175782
175863
175952
176050
176126
176158
176277
176409
176554
176714
176757
176890
177085
177299
177453
177536
177797
178085
178220
178403
178753
179066
179140
179566
180000
180001
180002
180003
180004
180005
180006
180007
180008
180009
180010
180011
180012
180014
180015
180017
180018
180020
180022
180025
180027
180030
180034
180036
180037
180041
180045
180050
180055
180061
180067
180074
180082
180090
180100
180110
180121
180134
180147
180163
180180
180198
180218
180241
180266
180293
180324
180357
180394
180434
180479
180528
180554
180583
180643
180709
180782
180863
180952
181050
181126
181158
181277
181409
181554
181714
181757
181890
182085
182299
182453
182536
182797
183085
183220
183403
183753
184066
184140
184566
185000
185001
185002
185003
185004
185005
185006
185007
185008
185009
185010
185011
185012
185014
185015
185017
185018
185020
185022
185025
185027
185030
185034
185036
185037
185041
185045
185050
185055
185061
185067
185074
185082
185090
185100
185110
185121
185134
185147
185163
185180
185198
185218
185241
185266
185293
185324
185357
185394
185434
185479
185528
185554
185583
185643
185709
185782
185863
185952
186050
186126
186158
186277
186409
186554
186714
186757
186890
187085
187299
187453
187536
187797
188085
188220
188403
188753
189066
189140
189566
190000
190001
190002
190003
190004
190005
190006
190007
190008
190009
190010
190011
190012
190014
190015
190017
190018
190020
190022
190025
190027
190030
190034
190036
190037
190041
190045
190050
190055
190061
190067
190074
190082
190090
190100
190110
190121
190134
190147
190163
190180
190198
190218
190241
190266
190293
190324
190357
190394
190434
190479
190528
190554
190583
190643
190709
190782
190863
190952
191050
191126
191158
191277
191409
191554
191714
191757
191890
192085
192299
192453
192536
192797
193085
193220
193403
193753
194066
194140
194566
195000
195001
195002
195003
195004
195005
195006
195007
195008
195009
195010
195011
195012
195014
195015
195017
195018
195020
195022
195025
195027
195030
195034
195036
195037
195041
195045
195050
195055
195061
195067
195074
195082
195090
195100
195110
195121
195134
195147
195163
195180
195198
195218
195241
195266
195293
195324
195357
195394
195434
195479
195528
195554
195583
195643
195709
195782
195863
195952
196050
196126
196158
196277
196409
196554
196714
196757
196890
197085
197299
197453
197536
197797
198085
198220
198403
198753
199066
199140
199566
200000
200001
200002
200003
200004
200005
200006
200007
200008
200009
200010
200011
200012
200014
200015
200017
200018
200020
200022
200025
200027
200030
200034
200036
200037
200041
200045
200050
200055
200061
200067
200074
200082
200090
200100
200110
200121
200134
200147
200163
200180
200198
200218
200241
200266
200293
200324
200357
200394
200434
200479
200528
200554
200583
200643
200709
200782
200863
200952
201050
201126
201158
201277
201409
201554
201714
201757
201890
202085
202299
202453
202536
202797
203085
203220
203403
203753
204066
204140
204566
205000
205001
205002
205003
205004
205005
205006
205007
205008
205009
205010
205011
205012
205014
205015
205017
205018
205020
205022
205025
205027
205030
205034
205036
205037
205041
205045
205050
205055
205061
205067
205074
205082
205090
205100
205110
205121
205134
205147
205163
205180
205198
205218
205241
205266
205293
205324
205357
205394
205434
205479
205528
205554
205583
205643
205709
205782
205863
205952
206050
206126
206158
206277
206409
206554
206714
206757
206890
207085
207299
207453
207536
207797
208085
208220
208403
208753
209066
209140
209566
210000
210001
210002
210003
210004
210005
210006
210007
210008
210009
210010
210011
210012
210014
210015
210017
210018
210020
210022
210025
210027
210030
210034
210036
210037
210041
210045
210050
210055
210061
210067
210074
210082
210090
210100
210110
210121
210134
210147
210163
210180
210198
210218
210241
210266
210293
210324
210357
210394
210434
210479
210528
210554
210583
210643
210709
210782
210863
210952
211050
211126
211158
211277
211409
211554
211714
211757
211890
212085
212299
212453
212536
212797
213085
213220
213403
213753
214066
214140
214566
215000
215001
215002
215003
215004
215005
215006
215007
215008
215009
215010
215011
215012
215014
215015
215017
215018
215020
215022
215025
215027
215030
215034
215036
215037
215041
215045
215050
215055
215061
215067
215074
215082
215090
215100
215110
215121
215134
215147
215163
215180
215198
215218
215241
215266
215293
215324
215357
215394
215434
215479
215528
215554
215583
215643
215709
215782
215863
215952
216050
216126
216158
216277
216409
216554
216714
216757
216890
217085
217299
217453
217536
217797
218085
218220
218403
218753
219066
219140
219566
220000
220001
220002
220003
220004
220005
220006
220007
220008
220009
220010
220011
220012
220014
220015
220017
220018
220020
220022
220025
220027
220030
220034
220036
220037
220041
220045
220050
220055
220061
220067
220074
220082
220090
220100
220110
220121
220134
220147
220163
220180
220198
220218
220241
220266
220293
220324
220357
220394
220434
220479
220528
220554
220583
220643
220709
220782
220863
220952
221050
221126
221158
221277
221409
221554
221714
221757
221890
222085
222299
222453
222536
222797
223085
223220
223403
223753
224066
224140
224566
225000
225001
225002
225003
225004
225005
225006
225007
225008
225009
225010
225011
225012
225014
225015
225017
225018
225020
225022
225025
225027
225030
225034
225036
225037
225041
225045
225050
225055
225061
225067
225074
225082
225090
225100
225110
225121
225134
225147
225163
225180
225198
225218
225241
225266
225293
225324
225357
225394
225434
225479
225528
225554
225583
225643
225709
225782
225863
225952
226050
226126
226158
226277
226409
226554
226714
226757
226890
227085
227299
227453
227536
227797
228085
228220
228403
228753
229066
229140
229566
230000
230001
230002
230003
230004
230005
230006
230007
230008
230009
230010
230011
230012
230014
230015
230017
230018
230020
230022
230025
230027
230030
230034
230036
230037
230041
230045
230050
230055
230061
230067
230074
230082
230090
230100
230110
230121
230134
230147
230163
230180
230198
230218
230241
230266
230293
230324
230357
230394
230434
230479
230528
230554
230583
230643
230709
230782
230863
230952
231050
231126
231158
231277
231409
231554
231714
231757
231890
232085
232299
232453
232536
232797
233085
233220
233403
233753
234066
234140
234566
235000
235001
235002
235003
235004
235005
235006
235007
235008
235009
235010
235011
235012
235014
235015
235017
235018
235020
235022
235025
235027
235030
235034
235036
235037
235041
235045
235050
235055
235061
235067
235074
235082
235090
235100
235110
235121
235134
235147
235163
235180
235198
235218
235241
235266
235293
235324
235357
235394
235434
235479
235528
235554
235583
235643
235709
235782
235863
235952
236050
236126
236158
236277
236409
236554
236714
236757
236890
237085
237299
237453
237536
237797
238085
238220
238403
238753
239066
239140
239566
240000
240001
240002
240003
240004
240005
240006
240007
240008
240009
240010
240011
240012
240014
240015
240017
240018
240020
240022
240025
240027
240030
240034
240036
240037
240041
240045
240050
240055
240061
240067
240074
240082
240090
240100
240110
240121
240134
240147
240163
240180
240198
240218
240241
240266
240293
240324
240357
240394
240434
240479
240528
240554
240583
240643
240709
240782
240863
240952
241050
241126
241158
241277
241409
241554
241714
241757
241890
242085
242299
242453
242536
242797
243085
243220
243403
243753
244066
244140
244566
245000
245001
245002
245003
245004
245005
245006
245007
245008
245009
245010
245011
245012
245014
245015
245017
245018
245020
245022
245025
245027
245030
245034
245036
245037
245041
245045
245050
245055
245061
245067
245074
245082
245090
245100
245110
245121
245134
245147
245163
245180
245198
245218
245241
245266
245293
245324
245357
245394
245434
245479
245528
245554
245583
245643
245709
245782
245863
245952
246050
246126
246158
246277
246409
246554
246714
246757
246890
247085
247299
247453
247536
247797
248085
248220
248403
248753
249066
249140
249566
250000
250036
250554
251126
251757
252453
253220
254066
255000
