205001
205002
205003
205004
205005
205006
205007
205008
205009
205010
205011
205012
205014
205015
205017
205018
205020
205022
205025
205027
205030
205034
205037
205041
205045
205050
205055
205061
205067
205074
205082
205090
205100
205110
205121
205134
205147
205163
205180
205198
205218
205241
205266
205293
205324
205357
205394
205434
205479
205528
205583
205643
205709
205782
205863
205952
206050
206158
206277
206409
206554
206714
206890
207085
207299
207536
207797
208085
208403
208753
209140
209566
210036
210554
211126
211757
212453
213220
214066
215000
