170001
170002
170003
170004
170005
170006
170007
170008
170009
170010
170011
170012
170014
170015
170017
170018
170020
170022
170025
170027
170030
170034
170037
170041
170045
170050
170055
170061
170067
170074
170082
170090
170100
170110
170121
170134
170147
170163
170180
170198
170218
170241
170266
170293
170324
170357
170394
170434
170479
170528
170583
170643
170709
170782
170863
170952
171050
171158
171277
171409
171554
171714
171890
172085
172299
172536
172797
173085
173403
173753
174140
174566
175036
175554
176126
176757
177453
178220
179066
180000
