190001
190002
190003
190004
190005
190006
190007
190008
190009
190010
190011
190012
190014
190015
190017
190018
190020
190022
190025
190027
190030
190034
190037
190041
190045
190050
190055
190061
190067
190074
190082
190090
190100
190110
190121
190134
190147
190163
190180
190198
190218
190241
190266
190293
190324
190357
190394
190434
190479
190528
190583
190643
190709
190782
190863
190952
191050
191158
191277
191409
191554
191714
191890
192085
192299
192536
192797
193085
193403
193753
194140
194566
195036
195554
196126
196757
197453
198220
199066
200000
