215001
215002
215003
215004
215005
215006
215007
215008
215009
215010
215011
215012
215014
215015
215017
215018
215020
215022
215025
215027
215030
215034
215037
215041
215045
215050
215055
215061
215067
215074
215082
215090
215100
215110
215121
215134
215147
215163
215180
215198
215218
215241
215266
215293
215324
215357
215394
215434
215479
215528
215583
215643
215709
215782
215863
215952
216050
216158
216277
216409
216554
216714
216890
217085
217299
217536
217797
218085
218403
218753
219140
219566
220036
220554
221126
221757
222453
223220
224066
225000
