180001
180002
180003
180004
180005
180006
180007
180008
180009
180010
180011
180012
180014
180015
180017
180018
180020
180022
180025
180027
180030
180034
180037
180041
180045
180050
180055
180061
180067
180074
180082
180090
180100
180110
180121
180134
180147
180163
180180
180198
180218
180241
180266
180293
180324
180357
180394
180434
180479
180528
180583
180643
180709
180782
180863
180952
181050
181158
181277
181409
181554
181714
181890
182085
182299
182536
182797
183085
183403
183753
184140
184566
185036
185554
186126
186757
187453
188220
189066
190000
