120001
120002
120003
120004
120005
120006
120007
120008
120009
120010
120011
120012
120014
120015
120017
120018
120020
120022
120025
120027
120030
120034
120037
120041
120045
120050
120055
120061
120067
120074
120082
120090
120100
120110
120121
120134
120147
120163
120180
120198
120218
120241
120266
120293
120324
120357
120394
120434
120479
120528
120583
120643
120709
120782
120863
120952
121050
121158
121277
121409
121554
121714
121890
122085
122299
122536
122797
123085
123403
123753
124140
124566
125036
125554
126126
126757
127453
128220
129066
130000
