225001
225002
225003
225004
225005
225006
225007
225008
225009
225010
225011
225012
225014
225015
225017
225018
225020
225022
225025
225027
225030
225034
225037
225041
225045
225050
225055
225061
225067
225074
225082
225090
225100
225110
225121
225134
225147
225163
225180
225198
225218
225241
225266
225293
225324
225357
225394
225434
225479
225528
225583
225643
225709
225782
225863
225952
226050
226158
226277
226409
226554
226714
226890
227085
227299
227536
227797
228085
228403
228753
229140
229566
230036
230554
231126
231757
232453
233220
234066
235000
