220001
220002
220003
220004
220005
220006
220007
220008
220009
220010
220011
220012
220014
220015
220017
220018
220020
220022
220025
220027
220030
220034
220037
220041
220045
220050
220055
220061
220067
220074
220082
220090
220100
220110
220121
220134
220147
220163
220180
220198
220218
220241
220266
220293
220324
220357
220394
220434
220479
220528
220583
220643
220709
220782
220863
220952
221050
221158
221277
221409
221554
221714
221890
222085
222299
222536
222797
223085
223403
223753
224140
224566
225036
225554
226126
226757
227453
228220
229066
230000
