160001
160002
160003
160004
160005
160006
160007
160008
160009
160010
160011
160012
160014
160015
160017
160018
160020
160022
160025
160027
160030
160034
160037
160041
160045
160050
160055
160061
160067
160074
160082
160090
160100
160110
160121
160134
160147
160163
160180
160198
160218
160241
160266
160293
160324
160357
160394
160434
160479
160528
160583
160643
160709
160782
160863
160952
161050
161158
161277
161409
161554
161714
161890
162085
162299
162536
162797
163085
163403
163753
164140
164566
165036
165554
166126
166757
167453
168220
169066
170000
