100001
100002
100003
100004
100005
100006
100007
100008
100009
100010
100011
100012
100014
100015
100017
100018
100020
100022
100025
100027
100030
100034
100037
100041
100045
100050
100055
100061
100067
100074
100082
100090
100100
100110
100121
100134
100147
100163
100180
100198
100218
100241
100266
100293
100324
100357
100394
100434
100479
100528
100583
100643
100709
100782
100863
100952
101050
101158
101277
101409
101554
101714
101890
102085
102299
102536
102797
103085
103403
103753
104140
104566
105036
105554
106126
106757
107453
108220
109066
110000
