105001
105002
105003
105004
105005
105006
105007
105008
105009
105010
105011
105012
105014
105015
105017
105018
105020
105022
105025
105027
105030
105034
105037
105041
105045
105050
105055
105061
105067
105074
105082
105090
105100
105110
105121
105134
105147
105163
105180
105198
105218
105241
105266
105293
105324
105357
105394
105434
105479
105528
105583
105643
105709
105782
105863
105952
106050
106158
106277
106409
106554
106714
106890
107085
107299
107536
107797
108085
108403
108753
109140
109566
110036
110554
111126
111757
112453
113220
114066
115000
