145001
145002
145003
145004
145005
145006
145007
145008
145009
145010
145011
145012
145014
145015
145017
145018
145020
145022
145025
145027
145030
145034
145037
145041
145045
145050
145055
145061
145067
145074
145082
145090
145100
145110
145121
145134
145147
145163
145180
145198
145218
145241
145266
145293
145324
145357
145394
145434
145479
145528
145583
145643
145709
145782
145863
145952
146050
146158
146277
146409
146554
146714
146890
147085
147299
147536
147797
148085
148403
148753
149140
149566
150036
150554
151126
151757
152453
153220
154066
155000
