230001
230002
230003
230004
230005
230006
230007
230008
230009
230010
230011
230012
230014
230015
230017
230018
230020
230022
230025
230027
230030
230034
230037
230041
230045
230050
230055
230061
230067
230074
230082
230090
230100
230110
230121
230134
230147
230163
230180
230198
230218
230241
230266
230293
230324
230357
230394
230434
230479
230528
230583
230643
230709
230782
230863
230952
231050
231158
231277
231409
231554
231714
231890
232085
232299
232536
232797
233085
233403
233753
234140
234566
235036
235554
236126
236757
237453
238220
239066
240000
