165001
165002
165003
165004
165005
165006
165007
165008
165009
165010
165011
165012
165014
165015
165017
165018
165020
165022
165025
165027
165030
165034
165037
165041
165045
165050
165055
165061
165067
165074
165082
165090
165100
165110
165121
165134
165147
165163
165180
165198
165218
165241
165266
165293
165324
165357
165394
165434
165479
165528
165583
165643
165709
165782
165863
165952
166050
166158
166277
166409
166554
166714
166890
167085
167299
167536
167797
168085
168403
168753
169140
169566
170036
170554
171126
171757
172453
173220
174066
175000
