195001
195002
195003
195004
195005
195006
195007
195008
195009
195010
195011
195012
195014
195015
195017
195018
195020
195022
195025
195027
195030
195034
195037
195041
195045
195050
195055
195061
195067
195074
195082
195090
195100
195110
195121
195134
195147
195163
195180
195198
195218
195241
195266
195293
195324
195357
195394
195434
195479
195528
195583
195643
195709
195782
195863
195952
196050
196158
196277
196409
196554
196714
196890
197085
197299
197536
197797
198085
198403
198753
199140
199566
200036
200554
201126
201757
202453
203220
204066
205000
