125001
125002
125003
125004
125005
125006
125007
125008
125009
125010
125011
125012
125014
125015
125017
125018
125020
125022
125025
125027
125030
125034
125037
125041
125045
125050
125055
125061
125067
125074
125082
125090
125100
125110
125121
125134
125147
125163
125180
125198
125218
125241
125266
125293
125324
125357
125394
125434
125479
125528
125583
125643
125709
125782
125863
125952
126050
126158
126277
126409
126554
126714
126890
127085
127299
127536
127797
128085
128403
128753
129140
129566
130036
130554
131126
131757
132453
133220
134066
135000
