110001
110002
110003
110004
110005
110006
110007
110008
110009
110010
110011
110012
110014
110015
110017
110018
110020
110022
110025
110027
110030
110034
110037
110041
110045
110050
110055
110061
110067
110074
110082
110090
110100
110110
110121
110134
110147
110163
110180
110198
110218
110241
110266
110293
110324
110357
110394
110434
110479
110528
110583
110643
110709
110782
110863
110952
111050
111158
111277
111409
111554
111714
111890
112085
112299
112536
112797
113085
113403
113753
114140
114566
115036
115554
116126
116757
117453
118220
119066
120000
