155001
155002
155003
155004
155005
155006
155007
155008
155009
155010
155011
155012
155014
155015
155017
155018
155020
155022
155025
155027
155030
155034
155037
155041
155045
155050
155055
155061
155067
155074
155082
155090
155100
155110
155121
155134
155147
155163
155180
155198
155218
155241
155266
155293
155324
155357
155394
155434
155479
155528
155583
155643
155709
155782
155863
155952
156050
156158
156277
156409
156554
156714
156890
157085
157299
157536
157797
158085
158403
158753
159140
159566
160036
160554
161126
161757
162453
163220
164066
165000
