210001
210002
210003
210004
210005
210006
210007
210008
210009
210010
210011
210012
210014
210015
210017
210018
210020
210022
210025
210027
210030
210034
210037
210041
210045
210050
210055
210061
210067
210074
210082
210090
210100
210110
210121
210134
210147
210163
210180
210198
210218
210241
210266
210293
210324
210357
210394
210434
210479
210528
210583
210643
210709
210782
210863
210952
211050
211158
211277
211409
211554
211714
211890
212085
212299
212536
212797
213085
213403
213753
214140
214566
215036
215554
216126
216757
217453
218220
219066
220000
