185001
185002
185003
185004
185005
185006
185007
185008
185009
185010
185011
185012
185014
185015
185017
185018
185020
185022
185025
185027
185030
185034
185037
185041
185045
185050
185055
185061
185067
185074
185082
185090
185100
185110
185121
185134
185147
185163
185180
185198
185218
185241
185266
185293
185324
185357
185394
185434
185479
185528
185583
185643
185709
185782
185863
185952
186050
186158
186277
186409
186554
186714
186890
187085
187299
187536
187797
188085
188403
188753
189140
189566
190036
190554
191126
191757
192453
193220
194066
195000
