245001
245002
245003
245004
245005
245006
245007
245008
245009
245010
245011
245012
245014
245015
245017
245018
245020
245022
245025
245027
245030
245034
245037
245041
245045
245050
245055
245061
245067
245074
245082
245090
245100
245110
245121
245134
245147
245163
245180
245198
245218
245241
245266
245293
245324
245357
245394
245434
245479
245528
245583
245643
245709
245782
245863
245952
246050
246158
246277
246409
246554
246714
246890
247085
247299
247536
247797
248085
248403
248753
249140
249566
250036
250554
251126
251757
252453
253220
254066
255000
