135001
135002
135003
135004
135005
135006
135007
135008
135009
135010
135011
135012
135014
135015
135017
135018
135020
135022
135025
135027
135030
135034
135037
135041
135045
135050
135055
135061
135067
135074
135082
135090
135100
135110
135121
135134
135147
135163
135180
135198
135218
135241
135266
135293
135324
135357
135394
135434
135479
135528
135583
135643
135709
135782
135863
135952
136050
136158
136277
136409
136554
136714
136890
137085
137299
137536
137797
138085
138403
138753
139140
139566
140036
140554
141126
141757
142453
143220
144066
145000
