235001
235002
235003
235004
235005
235006
235007
235008
235009
235010
235011
235012
235014
235015
235017
235018
235020
235022
235025
235027
235030
235034
235037
235041
235045
235050
235055
235061
235067
235074
235082
235090
235100
235110
235121
235134
235147
235163
235180
235198
235218
235241
235266
235293
235324
235357
235394
235434
235479
235528
235583
235643
235709
235782
235863
235952
236050
236158
236277
236409
236554
236714
236890
237085
237299
237536
237797
238085
238403
238753
239140
239566
240036
240554
241126
241757
242453
243220
244066
245000
