240001
240002
240003
240004
240005
240006
240007
240008
240009
240010
240011
240012
240014
240015
240017
240018
240020
240022
240025
240027
240030
240034
240037
240041
240045
240050
240055
240061
240067
240074
240082
240090
240100
240110
240121
240134
240147
240163
240180
240198
240218
240241
240266
240293
240324
240357
240394
240434
240479
240528
240583
240643
240709
240782
240863
240952
241050
241158
241277
241409
241554
241714
241890
242085
242299
242536
242797
243085
243403
243753
244140
244566
245036
245554
246126
246757
247453
248220
249066
250000
