200001
200002
200003
200004
200005
200006
200007
200008
200009
200010
200011
200012
200014
200015
200017
200018
200020
200022
200025
200027
200030
200034
200037
200041
200045
200050
200055
200061
200067
200074
200082
200090
200100
200110
200121
200134
200147
200163
200180
200198
200218
200241
200266
200293
200324
200357
200394
200434
200479
200528
200583
200643
200709
200782
200863
200952
201050
201158
201277
201409
201554
201714
201890
202085
202299
202536
202797
203085
203403
203753
204140
204566
205036
205554
206126
206757
207453
208220
209066
210000
