130001
130002
130003
130004
130005
130006
130007
130008
130009
130010
130011
130012
130014
130015
130017
130018
130020
130022
130025
130027
130030
130034
130037
130041
130045
130050
130055
130061
130067
130074
130082
130090
130100
130110
130121
130134
130147
130163
130180
130198
130218
130241
130266
130293
130324
130357
130394
130434
130479
130528
130583
130643
130709
130782
130863
130952
131050
131158
131277
131409
131554
131714
131890
132085
132299
132536
132797
133085
133403
133753
134140
134566
135036
135554
136126
136757
137453
138220
139066
140000
