150001
150002
150003
150004
150005
150006
150007
150008
150009
150010
150011
150012
150014
150015
150017
150018
150020
150022
150025
150027
150030
150034
150037
150041
150045
150050
150055
150061
150067
150074
150082
150090
150100
150110
150121
150134
150147
150163
150180
150198
150218
150241
150266
150293
150324
150357
150394
150434
150479
150528
150583
150643
150709
150782
150863
150952
151050
151158
151277
151409
151554
151714
151890
152085
152299
152536
152797
153085
153403
153753
154140
154566
155036
155554
156126
156757
157453
158220
159066
160000
