175001
175002
175003
175004
175005
175006
175007
175008
175009
175010
175011
175012
175014
175015
175017
175018
175020
175022
175025
175027
175030
175034
175037
175041
175045
175050
175055
175061
175067
175074
175082
175090
175100
175110
175121
175134
175147
175163
175180
175198
175218
175241
175266
175293
175324
175357
175394
175434
175479
175528
175583
175643
175709
175782
175863
175952
176050
176158
176277
176409
176554
176714
176890
177085
177299
177536
177797
178085
178403
178753
179140
179566
180036
180554
181126
181757
182453
183220
184066
185000
