115001
115002
115003
115004
115005
115006
115007
115008
115009
115010
115011
115012
115014
115015
115017
115018
115020
115022
115025
115027
115030
115034
115037
115041
115045
115050
115055
115061
115067
115074
115082
115090
115100
115110
115121
115134
115147
115163
115180
115198
115218
115241
115266
115293
115324
115357
115394
115434
115479
115528
115583
115643
115709
115782
115863
115952
116050
116158
116277
116409
116554
116714
116890
117085
117299
117536
117797
118085
118403
118753
119140
119566
120036
120554
121126
121757
122453
123220
124066
125000
