140001
140002
140003
140004
140005
140006
140007
140008
140009
140010
140011
140012
140014
140015
140017
140018
140020
140022
140025
140027
140030
140034
140037
140041
140045
140050
140055
140061
140067
140074
140082
140090
140100
140110
140121
140134
140147
140163
140180
140198
140218
140241
140266
140293
140324
140357
140394
140434
140479
140528
140583
140643
140709
140782
140863
140952
141050
141158
141277
141409
141554
141714
141890
142085
142299
142536
142797
143085
143403
143753
144140
144566
145036
145554
146126
146757
147453
148220
149066
150000
