1
2
3
4
5
6
7
9
10
11
13
15
17
19
22
25
28
32
37
42
48
55
62
71
81
92
105
119
136
155
176
201
228
260
296
337
383
436
497
565
644
733
834
949
1080
1229
1399
1593
1813
2063
2348
2672
3041
3461
3940
4484
5103
5808
6610
7523
8562
9744
11090
12621
14364
16348
18606
21175
24100
27428
31216
35527
40433
46017
52372
59604
67836
77204
87865
100000
100001
100002
100003
100004
100005
100006
100007
100009
100010
100011
100013
100015
100017
100019
100022
100025
100028
100032
100037
100042
100048
100055
100062
100071
100081
100092
100105
100119
100136
100155
100176
100201
100228
100260
100296
100337
100383
100436
100497
100565
100644
100733
100834
100949
101080
101229
101399
101593
101813
102063
102348
102672
103041
103461
103940
104484
105103
105808
106610
107523
108562
109744
111090
112621
114364
116348
118606
121175
124100
127428
131216
135527
140433
146017
152372
159604
167836
177204
187865
200000
200001
200002
200003
200004
200005
200006
200007
200009
200010
200011
200013
200015
200017
200019
200022
200025
200028
200032
200037
200042
200048
200055
200062
200071
200081
200092
200105
200119
200136
200155
200176
200201
200228
200260
200296
200337
200383
200436
200497
200565
200644
200733
200834
200949
201080
201229
201399
201593
201813
202063
202348
202672
203041
203461
203940
204484
205103
205808
206610
207523
208562
209744
211090
212621
214364
216348
218606
221175
224100
227428
231216
235527
240433
246017
252372
259604
267836
277204
287865
300000
300001
300002
300003
300004
300005
300006
300007
300009
300010
300011
300013
300015
300017
300019
300022
300025
300028
300032
300037
300042
300048
300055
300062
300071
300081
300092
300105
300119
300136
300155
300176
300201
300228
300260
300296
300337
300383
300436
300497
300565
300644
300733
300834
300949
301080
301229
301399
301593
301813
302063
302348
302672
303041
303461
303940
304484
305103
305808
306610
307523
308562
309744
311090
312621
314364
316348
318606
321175
324100
327428
331216
335527
340433
346017
352372
359604
367836
377204
387865
400000
400001
400002
400003
400004
400005
400006
400007
400009
400010
400011
400013
400015
400017
400019
400022
400025
400028
400032
400037
400042
400048
400055
400062
400071
400081
400092
400105
400119
400136
400155
400176
400201
400228
400260
400296
400337
400383
400436
400497
400565
400644
400733
400834
400949
401080
401229
401399
401593
401813
402063
402348
402672
403041
403461
403940
404484
405103
405808
406610
407523
408562
409744
411090
412621
414364
416348
418606
421175
424100
427428
431216
435527
440433
446017
452372
459604
467836
477204
487865
500000
500001
500002
500003
500004
500005
500006
500007
500009
500010
500011
500013
500015
500017
500019
500022
500025
500028
500032
500037
500042
500048
500055
500062
500071
500081
500092
500105
500119
500136
500155
500176
500201
500228
500260
500296
500337
500383
500436
500497
500565
500644
500733
500834
500949
501080
501229
501399
501593
501813
502063
502348
502672
503041
503461
503940
504484
505103
505808
506610
507523
508562
509744
511090
512621
514364
516348
518606
521175
524100
527428
531216
535527
540433
546017
552372
559604
567836
577204
587865
600000
600001
600002
600003
600004
600005
600006
600007
600009
600010
600011
600013
600015
600017
600019
600022
600025
600028
600032
600037
600042
600048
600055
600062
600071
600081
600092
600105
600119
600136
600155
600176
600201
600228
600260
600296
600337
600383
600436
600497
600565
600644
600733
600834
600949
601080
601229
601399
601593
601813
602063
602348
602672
603041
603461
603940
604484
605103
605808
606610
607523
608562
609744
611090
612621
614364
616348
618606
621175
624100
627428
631216
635527
640433
646017
652372
659604
667836
677204
687865
700000
700001
700002
700003
700004
700005
700006
700007
700009
700010
700011
700013
700015
700017
700019
700022
700025
700028
700032
700037
700042
700048
700055
700062
700071
700081
700092
700105
700119
700136
700155
700176
700201
700228
700260
700296
700337
700383
700436
700497
700565
700644
700733
700834
700949
701080
701229
701399
701593
701813
702063
702348
702672
703041
703461
703940
704484
705103
705808
706610
707523
708562
709744
711090
712621
714364
716348
718606
721175
724100
727428
731216
735527
740433
746017
752372
759604
767836
777204
787865
800000
800001
800002
800003
800004
800005
800006
800007
800009
800010
800011
800013
800015
800017
800019
800022
800025
800028
800032
800037
800042
800048
800055
800062
800071
800081
800092
800105
800119
800136
800155
800176
800201
800228
800260
800296
800337
800383
800436
800497
800565
800644
800733
800834
800949
801080
801229
801399
801593
801813
802063
802348
802672
803041
803461
803940
804484
805103
805808
806610
807523
808562
809744
811090
812621
814364
816348
818606
821175
824100
827428
831216
835527
840433
846017
852372
859604
867836
877204
887865
900000
900001
900002
900003
900004
900005
900006
900007
900009
900010
900011
900013
900015
900017
900019
900022
900025
900028
900032
900037
900042
900048
900055
900062
900071
900081
900092
900105
900119
900136
900155
900176
900201
900228
900260
900296
900337
900383
900436
900497
900565
900644
900733
900834
900949
901080
901229
901399
901593
901813
902063
902348
902672
903041
903461
903940
904484
905103
905808
906610
907523
908562
909744
911090
912621
914364
916348
918606
921175
924100
927428
931216
935527
940433
946017
952372
959604
967836
977204
987865
1000000
1000001
1000002
1000003
1000004
1000005
1000006
1000007
1000009
1000010
1000011
1000013
1000015
1000017
1000019
1000022
1000025
1000028
1000032
1000037
1000042
1000048
1000055
1000062
1000071
1000081
1000092
1000105
1000119
1000136
1000155
1000176
1000201
1000228
1000260
1000296
1000337
1000383
1000436
1000497
1000565
1000644
1000733
1000834
1000949
1001080
1001229
1001399
1001593
1001813
1002063
1002348
1002672
1003041
1003461
1003940
1004484
1005103
1005808
1006610
1007523
1008562
1009744
1011090
1012621
1014364
1016348
1018606
1021175
1024100
1027428
1031216
1035527
1040433
1046017
1052372
1059604
1067836
1077204
1087865
1100000
1100001
1100002
1100003
1100004
1100005
1100006
1100007
1100009
1100010
1100011
1100013
1100015
1100017
1100019
1100022
1100025
1100028
1100032
1100037
1100042
1100048
1100055
1100062
1100071
1100081
1100092
1100105
1100119
1100136
1100155
1100176
1100201
1100228
1100260
1100296
1100337
1100383
1100436
1100497
1100565
1100644
1100733
1100834
1100949
1101080
1101229
1101399
1101593
1101813
1102063
1102348
1102672
1103041
1103461
1103940
1104484
1105103
1105808
1106610
1107523
1108562
1109744
1111090
1112621
1114364
1116348
1118606
1121175
1124100
1127428
1131216
1135527
1140433
1146017
1152372
1159604
1167836
1177204
1187865
1200000
1200001
1200002
1200003
1200004
1200005
1200006
1200007
1200009
1200010
1200011
1200013
1200015
1200017
1200019
1200022
1200025
1200028
1200032
1200037
1200042
1200048
1200055
1200062
1200071
1200081
1200092
1200105
1200119
1200136
1200155
1200176
1200201
1200228
1200260
1200296
1200337
1200383
1200436
1200497
1200565
1200644
1200733
1200834
1200949
1201080
1201229
1201399
1201593
1201813
1202063
1202348
1202672
1203041
1203461
1203940
1204484
1205103
1205808
1206610
1207523
1208562
1209744
1211090
1212621
1214364
1216348
1218606
1221175
1224100
1227428
1231216
1235527
1240433
1246017
1252372
1259604
1267836
1277204
1287865
1300000
1300001
1300002
1300003
1300004
1300005
1300006
1300007
1300009
1300010
1300011
1300013
1300015
1300017
1300019
1300022
1300025
1300028
1300032
1300037
1300042
1300048
1300055
1300062
1300071
1300081
1300092
1300105
1300119
1300136
1300155
1300176
1300201
1300228
1300260
1300296
1300337
1300383
1300436
1300497
1300565
1300644
1300733
1300834
1300949
1301080
1301229
1301399
1301593
1301813
1302063
1302348
1302672
1303041
1303461
1303940
1304484
1305103
1305808
1306610
1307523
1308562
1309744
1311090
1312621
1314364
1316348
1318606
1321175
1324100
1327428
1331216
1335527
1340433
1346017
1352372
1359604
1367836
1377204
1387865
1400000
1400001
1400002
1400003
1400004
1400005
1400006
1400007
1400009
1400010
1400011
1400013
1400015
1400017
1400019
1400022
1400025
1400028
1400032
1400037
1400042
1400048
1400055
1400062
1400071
1400081
1400092
1400105
1400119
1400136
1400155
1400176
1400201
1400228
1400260
1400296
1400337
1400383
1400436
1400497
1400565
1400644
1400733
1400834
1400949
1401080
1401229
1401399
1401593
1401813
1402063
1402348
1402672
1403041
1403461
1403940
1404484
1405103
1405808
1406610
1407523
1408562
1409744
1411090
1412621
1414364
1416348
1418606
1421175
1424100
1427428
1431216
1435527
1440433
1446017
1452372
1459604
1467836
1477204
1487865
1500000
1500001
1500002
1500003
1500004
1500005
1500006
1500007
1500009
1500010
1500011
1500013
1500015
1500017
1500019
1500022
1500025
1500028
1500032
1500037
1500042
1500048
1500055
1500062
1500071
1500081
1500092
1500105
1500119
1500136
1500155
1500176
1500201
1500228
1500260
1500296
1500337
1500383
1500436
1500497
1500565
1500644
1500733
1500834
1500949
1501080
1501229
1501399
1501593
1501813
1502063
1502348
1502672
1503041
1503461
1503940
1504484
1505103
1505808
1506610
1507523
1508562
1509744
1511090
1512621
1514364
1516348
1518606
1521175
1524100
1527428
1531216
1535527
1540433
1546017
1552372
1559604
1567836
1577204
1587865
1600000
1600001
1600002
1600003
1600004
1600005
1600006
1600007
1600009
1600010
1600011
1600013
1600015
1600017
1600019
1600022
1600025
1600028
1600032
1600037
1600042
1600048
1600055
1600062
1600071
1600081
1600092
1600105
1600119
1600136
1600155
1600176
1600201
1600228
1600260
1600296
1600337
1600383
1600436
1600497
1600565
1600644
1600733
1600834
1600949
1601080
1601229
1601399
1601593
1601813
1602063
1602348
1602672
1603041
1603461
1603940
1604484
1605103
1605808
1606610
1607523
1608562
1609744
1611090
1612621
1614364
1616348
1618606
1621175
1624100
1627428
1631216
1635527
1640433
1646017
1652372
1659604
1667836
1677204
1687865
1700000
1700001
1700002
1700003
1700004
1700005
1700006
1700007
1700009
1700010
1700011
1700013
1700015
1700017
1700019
1700022
1700025
1700028
1700032
1700037
1700042
1700048
1700055
1700062
1700071
1700081
1700092
1700105
1700119
1700136
1700155
1700176
1700201
1700228
1700260
1700296
1700337
1700383
1700436
1700497
1700565
1700644
1700733
1700834
1700949
1701080
1701229
1701399
1701593
1701813
1702063
1702348
1702672
1703041
1703461
1703940
1704484
1705103
1705808
1706610
1707523
1708562
1709744
1711090
1712621
1714364
1716348
1718606
1721175
1724100
1727428
1731216
1735527
1740433
1746017
1752372
1759604
1767836
1777204
1787865
1800000
1800001
1800002
1800003
1800004
1800005
1800006
1800007
1800009
1800010
1800011
1800013
1800015
1800017
1800019
1800022
1800025
1800028
1800032
1800037
1800042
1800048
1800055
1800062
1800071
1800081
1800092
1800105
1800119
1800136
1800155
1800176
1800201
1800228
1800260
1800296
1800337
1800383
1800436
1800497
1800565
1800644
1800733
1800834
1800949
1801080
1801229
1801399
1801593
1801813
1802063
1802348
1802672
1803041
1803461
1803940
1804484
1805103
1805808
1806610
1807523
1808562
1809744
1811090
1812621
1814364
1816348
1818606
1821175
1824100
1827428
1831216
1835527
1840433
1846017
1852372
1859604
1867836
1877204
1887865
1900000
1900001
1900002
1900003
1900004
1900005
1900006
1900007
1900009
1900010
1900011
1900013
1900015
1900017
1900019
1900022
1900025
1900028
1900032
1900037
1900042
1900048
1900055
1900062
1900071
1900081
1900092
1900105
1900119
1900136
1900155
1900176
1900201
1900228
1900260
1900296
1900337
1900383
1900436
1900497
1900565
1900644
1900733
1900834
1900949
1901080
1901229
1901399
1901593
1901813
1902063
1902348
1902672
1903041
1903461
1903940
1904484
1905103
1905808
1906610
1907523
1908562
1909744
1911090
1912621
1914364
1916348
1918606
1921175
1924100
1927428
1931216
1935527
1940433
1946017
1952372
1959604
1967836
1977204
1987865
2000000
2000001
2000002
2000003
2000004
2000005
2000006
2000007
2000009
2000010
2000011
2000013
2000015
2000017
2000019
2000022
2000025
2000028
2000032
2000037
2000042
2000048
2000055
2000062
2000071
2000081
2000092
2000105
2000119
2000136
2000155
2000176
2000201
2000228
2000260
2000296
2000337
2000383
2000436
2000497
2000565
2000644
2000733
2000834
2000949
2001080
2001229
2001399
2001593
2001813
2002063
2002348
2002672
2003041
2003461
2003940
2004484
2005103
2005808
2006610
2007523
2008562
2009744
2011090
2012621
2014364
2016348
2018606
2021175
2024100
2027428
2031216
2035527
2040433
2046017
2052372
2059604
2067836
2077204
2087865
2100000
2100001
2100002
2100003
2100004
2100005
2100006
2100007
2100009
2100010
2100011
2100013
2100015
2100017
2100019
2100022
2100025
2100028
2100032
2100037
2100042
2100048
2100055
2100062
2100071
2100081
2100092
2100105
2100119
2100136
2100155
2100176
2100201
2100228
2100260
2100296
2100337
2100383
2100436
2100497
2100565
2100644
2100733
2100834
2100949
2101080
2101229
2101399
2101593
2101813
2102063
2102348
2102672
2103041
2103461
2103940
2104484
2105103
2105808
2106610
2107523
2108562
2109744
2111090
2112621
2114364
2116348
2118606
2121175
2124100
2127428
2131216
2135527
2140433
2146017
2152372
2159604
2167836
2177204
2187865
2200000
2200001
2200002
2200003
2200004
2200005
2200006
2200007
2200009
2200010
2200011
2200013
2200015
2200017
2200019
2200022
2200025
2200028
2200032
2200037
2200042
2200048
2200055
2200062
2200071
2200081
2200092
2200105
2200119
2200136
2200155
2200176
2200201
2200228
2200260
2200296
2200337
2200383
2200436
2200497
2200565
2200644
2200733
2200834
2200949
2201080
2201229
2201399
2201593
2201813
2202063
2202348
2202672
2203041
2203461
2203940
2204484
2205103
2205808
2206610
2207523
2208562
2209744
2211090
2212621
2214364
2216348
2218606
2221175
2224100
2227428
2231216
2235527
2240433
2246017
2252372
2259604
2267836
2277204
2287865
2300000
2300001
2300002
2300003
2300004
2300005
2300006
2300007
2300009
2300010
2300011
2300013
2300015
2300017
2300019
2300022
2300025
2300028
2300032
2300037
2300042
2300048
2300055
2300062
2300071
2300081
2300092
2300105
2300119
2300136
2300155
2300176
2300201
2300228
2300260
2300296
2300337
2300383
2300436
2300497
2300565
2300644
2300733
2300834
2300949
2301080
2301229
2301399
2301593
2301813
2302063
2302348
2302672
2303041
2303461
2303940
2304484
2305103
2305808
2306610
2307523
2308562
2309744
2311090
2312621
2314364
2316348
2318606
2321175
2324100
2327428
2331216
2335527
2340433
2346017
2352372
2359604
2367836
2377204
2387865
2400000
2400001
2400002
2400003
2400004
2400005
2400006
2400007
2400009
2400010
2400011
2400013
2400015
2400017
2400019
2400022
2400025
2400028
2400032
2400037
2400042
2400048
2400055
2400062
2400071
2400081
2400092
2400105
2400119
2400136
2400155
2400176
2400201
2400228
2400260
2400296
2400337
2400383
2400436
2400497
2400565
2400644
2400733
2400834
2400949
2401080
2401229
2401399
2401593
2401813
2402063
2402348
2402672
2403041
2403461
2403940
2404484
2405103
2405808
2406610
2407523
2408562
2409744
2411090
2412621
2414364
2416348
2418606
2421175
2424100
2427428
2431216
2435527
2440433
2446017
2452372
2459604
2467836
2477204
2487865
2500000
2500001
2500002
2500003
2500004
2500005
2500006
2500007
2500009
2500010
2500011
2500013
2500015
2500017
2500019
2500022
2500025
2500028
2500032
2500037
2500042
2500048
2500055
2500062
2500071
2500081
2500092
2500105
2500119
2500136
2500155
2500176
2500201
2500228
2500260
2500296
2500337
2500383
2500436
2500497
2500565
2500644
2500733
2500834
2500949
2501080
2501229
2501399
2501593
2501813
2502063
2502348
2502672
2503041
2503461
2503940
2504484
2505103
2505808
2506610
2507523
2508562
2509744
2511090
2512621
2514364
2516348
2518606
2521175
2524100
2527428
2531216
2535527
2540433
2546017
2552372
2559604
2567836
2577204
2587865
2600000
2600001
2600002
2600003
2600004
2600005
2600006
2600007
2600009
2600010
2600011
2600013
2600015
2600017
2600019
2600022
2600025
2600028
2600032
2600037
2600042
2600048
2600055
2600062
2600071
2600081
2600092
2600105
2600119
2600136
2600155
2600176
2600201
2600228
2600260
2600296
2600337
2600383
2600436
2600497
2600565
2600644
2600733
2600834
2600949
2601080
2601229
2601399
2601593
2601813
2602063
2602348
2602672
2603041
2603461
2603940
2604484
2605103
2605808
2606610
2607523
2608562
2609744
2611090
2612621
2614364
2616348
2618606
2621175
2624100
2627428
2631216
2635527
2640433
2646017
2652372
2659604
2667836
2677204
2687865
2700000
2700001
2700002
2700003
2700004
2700005
2700006
2700007
2700009
2700010
2700011
2700013
2700015
2700017
2700019
2700022
2700025
2700028
2700032
2700037
2700042
2700048
2700055
2700062
2700071
2700081
2700092
2700105
2700119
2700136
2700155
2700176
2700201
2700228
2700260
2700296
2700337
2700383
2700436
2700497
2700565
2700644
2700733
2700834
2700949
2701080
2701229
2701399
2701593
2701813
2702063
2702348
2702672
2703041
2703461
2703940
2704484
2705103
2705808
2706610
2707523
2708562
2709744
2711090
2712621
2714364
2716348
2718606
2721175
2724100
2727428
2731216
2735527
2740433
2746017
2752372
2759604
2767836
2777204
2787865
2800000
2800001
2800002
2800003
2800004
2800005
2800006
2800007
2800009
2800010
2800011
2800013
2800015
2800017
2800019
2800022
2800025
2800028
2800032
2800037
2800042
2800048
2800055
2800062
2800071
2800081
2800092
2800105
2800119
2800136
2800155
2800176
2800201
2800228
2800260
2800296
2800337
2800383
2800436
2800497
2800565
2800644
2800733
2800834
2800949
2801080
2801229
2801399
2801593
2801813
2802063
2802348
2802672
2803041
2803461
2803940
2804484
2805103
2805808
2806610
2807523
2808562
2809744
2811090
2812621
2814364
2816348
2818606
2821175
2824100
2827428
2831216
2835527
2840433
2846017
2852372
2859604
2867836
2877204
2887865
2900000
2900001
2900002
2900003
2900004
2900005
2900006
2900007
2900009
2900010
2900011
2900013
2900015
2900017
2900019
2900022
2900025
2900028
2900032
2900037
2900042
2900048
2900055
2900062
2900071
2900081
2900092
2900105
2900119
2900136
2900155
2900176
2900201
2900228
2900260
2900296
2900337
2900383
2900436
2900497
2900565
2900644
2900733
2900834
2900949
2901080
2901229
2901399
2901593
2901813
2902063
2902348
2902672
2903041
2903461
2903940
2904484
2905103
2905808
2906610
2907523
2908562
2909744
2911090
2912621
2914364
2916348
2918606
2921175
2924100
2927428
2931216
2935527
2940433
2946017
2952372
2959604
2967836
2977204
2987865
3000000
3000001
3000002
3000003
3000004
3000005
3000006
3000007
3000009
3000010
3000011
3000013
3000015
3000017
3000019
3000022
3000025
3000028
3000032
3000037
3000042
3000048
3000055
3000062
3000071
3000081
3000092
3000105
3000119
3000136
3000155
3000176
3000201
3000228
3000260
3000296
3000337
3000383
3000436
3000497
3000565
3000644
3000733
3000834
3000949
3001080
3001229
3001399
3001593
3001813
3002063
3002348
3002672
3003041
3003461
3003940
3004484
3005103
3005808
3006610
3007523
3008562
3009744
3011090
3012621
3014364
3016348
3018606
3021175
3024100
3027428
3031216
3035527
3040433
3046017
3052372
3059604
3067836
3077204
3087865
3100000
3100001
3100002
3100003
3100004
3100005
3100006
3100007
3100009
3100010
3100011
3100013
3100015
3100017
3100019
3100022
3100025
3100028
3100032
3100037
3100042
3100048
3100055
3100062
3100071
3100081
3100092
3100105
3100119
3100136
3100155
3100176
3100201
3100228
3100260
3100296
3100337
3100383
3100436
3100497
3100565
3100644
3100733
3100834
3100949
3101080
3101229
3101399
3101593
3101813
3102063
3102348
3102672
3103041
3103461
3103940
3104484
3105103
3105808
3106610
3107523
3108562
3109744
3111090
3112621
3114364
3116348
3118606
3121175
3124100
3127428
3131216
3135527
3140433
3146017
3152372
3159604
3167836
3177204
3187865
3200000
3200001
3200002
3200003
3200004
3200005
3200006
3200007
3200009
3200010
3200011
3200013
3200015
3200017
3200019
3200022
3200025
3200028
3200032
3200037
3200042
3200048
3200055
3200062
3200071
3200081
3200092
3200105
3200119
3200136
3200155
3200176
3200201
3200228
3200260
3200296
3200337
3200383
3200436
3200497
3200565
3200644
3200733
3200834
3200949
3201080
3201229
3201399
3201593
3201813
3202063
3202348
3202672
3203041
3203461
3203940
3204484
3205103
3205808
3206610
3207523
3208562
3209744
3211090
3212621
3214364
3216348
3218606
3221175
3224100
3227428
3231216
3235527
3240433
3246017
3252372
3259604
3267836
3277204
3287865
3300000
3300001
3300002
3300003
3300004
3300005
3300006
3300007
3300009
3300010
3300011
3300013
3300015
3300017
3300019
3300022
3300025
3300028
3300032
3300037
3300042
3300048
3300055
3300062
3300071
3300081
3300092
3300105
3300119
3300136
3300155
3300176
3300201
3300228
3300260
3300296
3300337
3300383
3300436
3300497
3300565
3300644
3300733
3300834
3300949
3301080
3301229
3301399
3301593
3301813
3302063
3302348
3302672
3303041
3303461
3303940
3304484
3305103
3305808
3306610
3307523
3308562
3309744
3311090
3312621
3314364
3316348
3318606
3321175
3324100
3327428
3331216
3335527
3340433
3346017
3352372
3359604
3367836
3377204
3387865
3400000
3400001
3400002
3400003
3400004
3400005
3400006
3400007
3400009
3400010
3400011
3400013
3400015
3400017
3400019
3400022
3400025
3400028
3400032
3400037
3400042
3400048
3400055
3400062
3400071
3400081
3400092
3400105
3400119
3400136
3400155
3400176
3400201
3400228
3400260
3400296
3400337
3400383
3400436
3400497
3400565
3400644
3400733
3400834
3400949
3401080
3401229
3401399
3401593
3401813
3402063
3402348
3402672
3403041
3403461
3403940
3404484
3405103
3405808
3406610
3407523
3408562
3409744
3411090
3412621
3414364
3416348
3418606
3421175
3424100
3427428
3431216
3435527
3440433
3446017
3452372
3459604
3467836
3477204
3487865
3500000
3500001
3500002
3500003
3500004
3500005
3500006
3500007
3500009
3500010
3500011
3500013
3500015
3500017
3500019
3500022
3500025
3500028
3500032
3500037
3500042
3500048
3500055
3500062
3500071
3500081
3500092
3500105
3500119
3500136
3500155
3500176
3500201
3500228
3500260
3500296
3500337
3500383
3500436
3500497
3500565
3500644
3500733
3500834
3500949
3501080
3501229
3501399
3501593
3501813
3502063
3502348
3502672
3503041
3503461
3503940
3504484
3505103
3505808
3506610
3507523
3508562
3509744
3511090
3512621
3514364
3516348
3518606
3521175
3524100
3527428
3531216
3535527
3540433
3546017
3552372
3559604
3567836
3577204
3587865
3600000
3600001
3600002
3600003
3600004
3600005
3600006
3600007
3600009
3600010
3600011
3600013
3600015
3600017
3600019
3600022
3600025
3600028
3600032
3600037
3600042
3600048
3600055
3600062
3600071
3600081
3600092
3600105
3600119
3600136
3600155
3600176
3600201
3600228
3600260
3600296
3600337
3600383
3600436
3600497
3600565
3600644
3600733
3600834
3600949
3601080
3601229
3601399
3601593
3601813
3602063
3602348
3602672
3603041
3603461
3603940
3604484
3605103
3605808
3606610
3607523
3608562
3609744
3611090
3612621
3614364
3616348
3618606
3621175
3624100
3627428
3631216
3635527
3640433
3646017
3652372
3659604
3667836
3677204
3687865
3700000
3700001
3700002
3700003
3700004
3700005
3700006
3700007
3700009
3700010
3700011
3700013
3700015
3700017
3700019
3700022
3700025
3700028
3700032
3700037
3700042
3700048
3700055
3700062
3700071
3700081
3700092
3700105
3700119
3700136
3700155
3700176
3700201
3700228
3700260
3700296
3700337
3700383
3700436
3700497
3700565
3700644
3700733
3700834
3700949
3701080
3701229
3701399
3701593
3701813
3702063
3702348
3702672
3703041
3703461
3703940
3704484
3705103
3705808
3706610
3707523
3708562
3709744
3711090
3712621
3714364
3716348
3718606
3721175
3724100
3727428
3731216
3735527
3740433
3746017
3752372
3759604
3767836
3777204
3787865
3800000
3800001
3800002
3800003
3800004
3800005
3800006
3800007
3800009
3800010
3800011
3800013
3800015
3800017
3800019
3800022
3800025
3800028
3800032
3800037
3800042
3800048
3800055
3800062
3800071
3800081
3800092
3800105
3800119
3800136
3800155
3800176
3800201
3800228
3800260
3800296
3800337
3800383
3800436
3800497
3800565
3800644
3800733
3800834
3800949
3801080
3801229
3801399
3801593
3801813
3802063
3802348
3802672
3803041
3803461
3803940
3804484
3805103
3805808
3806610
3807523
3808562
3809744
3811090
3812621
3814364
3816348
3818606
3821175
3824100
3827428
3831216
3835527
3840433
3846017
3852372
3859604
3867836
3877204
3887865
3900000
3900001
3900002
3900003
3900004
3900005
3900006
3900007
3900009
3900010
3900011
3900013
3900015
3900017
3900019
3900022
3900025
3900028
3900032
3900037
3900042
3900048
3900055
3900062
3900071
3900081
3900092
3900105
3900119
3900136
3900155
3900176
3900201
3900228
3900260
3900296
3900337
3900383
3900436
3900497
3900565
3900644
3900733
3900834
3900949
3901080
3901229
3901399
3901593
3901813
3902063
3902348
3902672
3903041
3903461
3903940
3904484
3905103
3905808
3906610
3907523
3908562
3909744
3911090
3912621
3914364
3916348
3918606
3921175
3924100
3927428
3931216
3935527
3940433
3946017
3952372
3959604
3967836
3977204
3987865
4000000
4000001
4000002
4000003
4000004
4000005
4000006
4000007
4000009
4000010
4000011
4000013
4000015
4000017
4000019
4000022
4000025
4000028
4000032
4000037
4000042
4000048
4000055
4000062
4000071
4000081
4000092
4000105
4000119
4000136
4000155
4000176
4000201
4000228
4000260
4000296
4000337
4000383
4000436
4000497
4000565
4000644
4000733
4000834
4000949
4001080
4001229
4001399
4001593
4001813
4002063
4002348
4002672
4003041
4003461
4003940
4004484
4005103
4005808
4006610
4007523
4008562
4009744
4011090
4012621
4014364
4016348
4018606
4021175
4024100
4027428
4031216
4035527
4040433
4046017
4052372
4059604
4067836
4077204
4087865
4100000
4100001
4100002
4100003
4100004
4100005
4100006
4100007
4100009
4100010
4100011
4100013
4100015
4100017
4100019
4100022
4100025
4100028
4100032
4100037
4100042
4100048
4100055
4100062
4100071
4100081
4100092
4100105
4100119
4100136
4100155
4100176
4100201
4100228
4100260
4100296
4100337
4100383
4100436
4100497
4100565
4100644
4100733
4100834
4100949
4101080
4101229
4101399
4101593
4101813
4102063
4102348
4102672
4103041
4103461
4103940
4104484
4105103
4105808
4106610
4107523
4108562
4109744
4111090
4112621
4114364
4116348
4118606
4121175
4124100
4127428
4131216
4135527
4140433
4146017
4152372
4159604
4167836
4177204
4187865
4200000
4200001
4200002
4200003
4200004
4200005
4200006
4200007
4200009
4200010
4200011
4200013
4200015
4200017
4200019
4200022
4200025
4200028
4200032
4200037
4200042
4200048
4200055
4200062
4200071
4200081
4200092
4200105
4200119
4200136
4200155
4200176
4200201
4200228
4200260
4200296
4200337
4200383
4200436
4200497
4200565
4200644
4200733
4200834
4200949
4201080
4201229
4201399
4201593
4201813
4202063
4202348
4202672
4203041
4203461
4203940
4204484
4205103
4205808
4206610
4207523
4208562
4209744
4211090
4212621
4214364
4216348
4218606
4221175
4224100
4227428
4231216
4235527
4240433
4246017
4252372
4259604
4267836
4277204
4287865
4300000
4300001
4300002
4300003
4300004
4300005
4300006
4300007
4300009
4300010
4300011
4300013
4300015
4300017
4300019
4300022
4300025
4300028
4300032
4300037
4300042
4300048
4300055
4300062
4300071
4300081
4300092
4300105
4300119
4300136
4300155
4300176
4300201
4300228
4300260
4300296
4300337
4300383
4300436
4300497
4300565
4300644
4300733
4300834
4300949
4301080
4301229
4301399
4301593
4301813
4302063
4302348
4302672
4303041
4303461
4303940
4304484
4305103
4305808
4306610
4307523
4308562
4309744
4311090
4312621
4314364
4316348
4318606
4321175
4324100
4327428
4331216
4335527
4340433
4346017
4352372
4359604
4367836
4377204
4387865
4400000
4400001
4400002
4400003
4400004
4400005
4400006
4400007
4400009
4400010
4400011
4400013
4400015
4400017
4400019
4400022
4400025
4400028
4400032
4400037
4400042
4400048
4400055
4400062
4400071
4400081
4400092
4400105
4400119
4400136
4400155
4400176
4400201
4400228
4400260
4400296
4400337
4400383
4400436
4400497
4400565
4400644
4400733
4400834
4400949
4401080
4401229
4401399
4401593
4401813
4402063
4402348
4402672
4403041
4403461
4403940
4404484
4405103
4405808
4406610
4407523
4408562
4409744
4411090
4412621
4414364
4416348
4418606
4421175
4424100
4427428
4431216
4435527
4440433
4446017
4452372
4459604
4467836
4477204
4487865
4500000
4500001
4500002
4500003
4500004
4500005
4500006
4500007
4500009
4500010
4500011
4500013
4500015
4500017
4500019
4500022
4500025
4500028
4500032
4500037
4500042
4500048
4500055
4500062
4500071
4500081
4500092
4500105
4500119
4500136
4500155
4500176
4500201
4500228
4500260
4500296
4500337
4500383
4500436
4500497
4500565
4500644
4500733
4500834
4500949
4501080
4501229
4501399
4501593
4501813
4502063
4502348
4502672
4503041
4503461
4503940
4504484
4505103
4505808
4506610
4507523
4508562
4509744
4511090
4512621
4514364
4516348
4518606
4521175
4524100
4527428
4531216
4535527
4540433
4546017
4552372
4559604
4567836
4577204
4587865
4600000
4600001
4600002
4600003
4600004
4600005
4600006
4600007
4600009
4600010
4600011
4600013
4600015
4600017
4600019
4600022
4600025
4600028
4600032
4600037
4600042
4600048
4600055
4600062
4600071
4600081
4600092
4600105
4600119
4600136
4600155
4600176
4600201
4600228
4600260
4600296
4600337
4600383
4600436
4600497
4600565
4600644
4600733
4600834
4600949
4601080
4601229
4601399
4601593
4601813
4602063
4602348
4602672
4603041
4603461
4603940
4604484
4605103
4605808
4606610
4607523
4608562
4609744
4611090
4612621
4614364
4616348
4618606
4621175
4624100
4627428
4631216
4635527
4640433
4646017
4652372
4659604
4667836
4677204
4687865
4700000
4700001
4700002
4700003
4700004
4700005
4700006
4700007
4700009
4700010
4700011
4700013
4700015
4700017
4700019
4700022
4700025
4700028
4700032
4700037
4700042
4700048
4700055
4700062
4700071
4700081
4700092
4700105
4700119
4700136
4700155
4700176
4700201
4700228
4700260
4700296
4700337
4700383
4700436
4700497
4700565
4700644
4700733
4700834
4700949
4701080
4701229
4701399
4701593
4701813
4702063
4702348
4702672
4703041
4703461
4703940
4704484
4705103
4705808
4706610
4707523
4708562
4709744
4711090
4712621
4714364
4716348
4718606
4721175
4724100
4727428
4731216
4735527
4740433
4746017
4752372
4759604
4767836
4777204
4787865
4800000
4800001
4800002
4800003
4800004
4800005
4800006
4800007
4800009
4800010
4800011
4800013
4800015
4800017
4800019
4800022
4800025
4800028
4800032
4800037
4800042
4800048
4800055
4800062
4800071
4800081
4800092
4800105
4800119
4800136
4800155
4800176
4800201
4800228
4800260
4800296
4800337
4800383
4800436
4800497
4800565
4800644
4800733
4800834
4800949
4801080
4801229
4801399
4801593
4801813
4802063
4802348
4802672
4803041
4803461
4803940
4804484
4805103
4805808
4806610
4807523
4808562
4809744
4811090
4812621
4814364
4816348
4818606
4821175
4824100
4827428
4831216
4835527
4840433
4846017
4852372
4859604
4867836
4877204
4887865
4900000
4900001
4900002
4900003
4900004
4900005
4900006
4900007
4900009
4900010
4900011
4900013
4900015
4900017
4900019
4900022
4900025
4900028
4900032
4900037
4900042
4900048
4900055
4900062
4900071
4900081
4900092
4900105
4900119
4900136
4900155
4900176
4900201
4900228
4900260
4900296
4900337
4900383
4900436
4900497
4900565
4900644
4900733
4900834
4900949
4901080
4901229
4901399
4901593
4901813
4902063
4902348
4902672
4903041
4903461
4903940
4904484
4905103
4905808
4906610
4907523
4908562
4909744
4911090
4912621
4914364
4916348
4918606
4921175
4924100
4927428
4931216
4935527
4940433
4946017
4952372
4959604
4967836
4977204
4987865
5000000
