3600001
3600002
3600003
3600004
3600005
3600006
3600007
3600009
3600010
3600011
3600013
3600015
3600017
3600019
3600022
3600025
3600028
3600032
3600037
3600042
3600048
3600055
3600062
3600071
3600081
3600092
3600105
3600119
3600136
3600155
3600176
3600201
3600228
3600260
3600296
3600337
3600383
3600436
3600497
3600565
3600644
3600733
3600834
3600949
3601080
3601229
3601399
3601593
3601813
3602063
3602348
3602672
3603041
3603461
3603940
3604484
3605103
3605808
3606610
3607523
3608562
3609744
3611090
3612621
3614364
3616348
3618606
3621175
3624100
3627428
3631216
3635527
3640433
3646017
3652372
3659604
3667836
3677204
3687865
3700000
