2900001
2900002
2900003
2900004
2900005
2900006
2900007
2900009
2900010
2900011
2900013
2900015
2900017
2900019
2900022
2900025
2900028
2900032
2900037
2900042
2900048
2900055
2900062
2900071
2900081
2900092
2900105
2900119
2900136
2900155
2900176
2900201
2900228
2900260
2900296
2900337
2900383
2900436
2900497
2900565
2900644
2900733
2900834
2900949
2901080
2901229
2901399
2901593
2901813
2902063
2902348
2902672
2903041
2903461
2903940
2904484
2905103
2905808
2906610
2907523
2908562
2909744
2911090
2912621
2914364
2916348
2918606
2921175
2924100
2927428
2931216
2935527
2940433
2946017
2952372
2959604
2967836
2977204
2987865
3000000
