2600001
2600002
2600003
2600004
2600005
2600006
2600007
2600009
2600010
2600011
2600013
2600015
2600017
2600019
2600022
2600025
2600028
2600032
2600037
2600042
2600048
2600055
2600062
2600071
2600081
2600092
2600105
2600119
2600136
2600155
2600176
2600201
2600228
2600260
2600296
2600337
2600383
2600436
2600497
2600565
2600644
2600733
2600834
2600949
2601080
2601229
2601399
2601593
2601813
2602063
2602348
2602672
2603041
2603461
2603940
2604484
2605103
2605808
2606610
2607523
2608562
2609744
2611090
2612621
2614364
2616348
2618606
2621175
2624100
2627428
2631216
2635527
2640433
2646017
2652372
2659604
2667836
2677204
2687865
2700000
