3100001
3100002
3100003
3100004
3100005
3100006
3100007
3100009
3100010
3100011
3100013
3100015
3100017
3100019
3100022
3100025
3100028
3100032
3100037
3100042
3100048
3100055
3100062
3100071
3100081
3100092
3100105
3100119
3100136
3100155
3100176
3100201
3100228
3100260
3100296
3100337
3100383
3100436
3100497
3100565
3100644
3100733
3100834
3100949
3101080
3101229
3101399
3101593
3101813
3102063
3102348
3102672
3103041
3103461
3103940
3104484
3105103
3105808
3106610
3107523
3108562
3109744
3111090
3112621
3114364
3116348
3118606
3121175
3124100
3127428
3131216
3135527
3140433
3146017
3152372
3159604
3167836
3177204
3187865
3200000
