2400001
2400002
2400003
2400004
2400005
2400006
2400007
2400009
2400010
2400011
2400013
2400015
2400017
2400019
2400022
2400025
2400028
2400032
2400037
2400042
2400048
2400055
2400062
2400071
2400081
2400092
2400105
2400119
2400136
2400155
2400176
2400201
2400228
2400260
2400296
2400337
2400383
2400436
2400497
2400565
2400644
2400733
2400834
2400949
2401080
2401229
2401399
2401593
2401813
2402063
2402348
2402672
2403041
2403461
2403940
2404484
2405103
2405808
2406610
2407523
2408562
2409744
2411090
2412621
2414364
2416348
2418606
2421175
2424100
2427428
2431216
2435527
2440433
2446017
2452372
2459604
2467836
2477204
2487865
2500000
