2700001
2700002
2700003
2700004
2700005
2700006
2700007
2700009
2700010
2700011
2700013
2700015
2700017
2700019
2700022
2700025
2700028
2700032
2700037
2700042
2700048
2700055
2700062
2700071
2700081
2700092
2700105
2700119
2700136
2700155
2700176
2700201
2700228
2700260
2700296
2700337
2700383
2700436
2700497
2700565
2700644
2700733
2700834
2700949
2701080
2701229
2701399
2701593
2701813
2702063
2702348
2702672
2703041
2703461
2703940
2704484
2705103
2705808
2706610
2707523
2708562
2709744
2711090
2712621
2714364
2716348
2718606
2721175
2724100
2727428
2731216
2735527
2740433
2746017
2752372
2759604
2767836
2777204
2787865
2800000
