2500001
2500002
2500003
2500004
2500005
2500006
2500007
2500009
2500010
2500011
2500013
2500015
2500017
2500019
2500022
2500025
2500028
2500032
2500037
2500042
2500048
2500055
2500062
2500071
2500081
2500092
2500105
2500119
2500136
2500155
2500176
2500201
2500228
2500260
2500296
2500337
2500383
2500436
2500497
2500565
2500644
2500733
2500834
2500949
2501080
2501229
2501399
2501593
2501813
2502063
2502348
2502672
2503041
2503461
2503940
2504484
2505103
2505808
2506610
2507523
2508562
2509744
2511090
2512621
2514364
2516348
2518606
2521175
2524100
2527428
2531216
2535527
2540433
2546017
2552372
2559604
2567836
2577204
2587865
2600000
