1600001
1600002
1600003
1600004
1600005
1600006
1600007
1600009
1600010
1600011
1600013
1600015
1600017
1600019
1600022
1600025
1600028
1600032
1600037
1600042
1600048
1600055
1600062
1600071
1600081
1600092
1600105
1600119
1600136
1600155
1600176
1600201
1600228
1600260
1600296
1600337
1600383
1600436
1600497
1600565
1600644
1600733
1600834
1600949
1601080
1601229
1601399
1601593
1601813
1602063
1602348
1602672
1603041
1603461
1603940
1604484
1605103
1605808
1606610
1607523
1608562
1609744
1611090
1612621
1614364
1616348
1618606
1621175
1624100
1627428
1631216
1635527
1640433
1646017
1652372
1659604
1667836
1677204
1687865
1700000
