4600001
4600002
4600003
4600004
4600005
4600006
4600007
4600009
4600010
4600011
4600013
4600015
4600017
4600019
4600022
4600025
4600028
4600032
4600037
4600042
4600048
4600055
4600062
4600071
4600081
4600092
4600105
4600119
4600136
4600155
4600176
4600201
4600228
4600260
4600296
4600337
4600383
4600436
4600497
4600565
4600644
4600733
4600834
4600949
4601080
4601229
4601399
4601593
4601813
4602063
4602348
4602672
4603041
4603461
4603940
4604484
4605103
4605808
4606610
4607523
4608562
4609744
4611090
4612621
4614364
4616348
4618606
4621175
4624100
4627428
4631216
4635527
4640433
4646017
4652372
4659604
4667836
4677204
4687865
4700000
