3900001
3900002
3900003
3900004
3900005
3900006
3900007
3900009
3900010
3900011
3900013
3900015
3900017
3900019
3900022
3900025
3900028
3900032
3900037
3900042
3900048
3900055
3900062
3900071
3900081
3900092
3900105
3900119
3900136
3900155
3900176
3900201
3900228
3900260
3900296
3900337
3900383
3900436
3900497
3900565
3900644
3900733
3900834
3900949
3901080
3901229
3901399
3901593
3901813
3902063
3902348
3902672
3903041
3903461
3903940
3904484
3905103
3905808
3906610
3907523
3908562
3909744
3911090
3912621
3914364
3916348
3918606
3921175
3924100
3927428
3931216
3935527
3940433
3946017
3952372
3959604
3967836
3977204
3987865
4000000
