3000001
3000002
3000003
3000004
3000005
3000006
3000007
3000009
3000010
3000011
3000013
3000015
3000017
3000019
3000022
3000025
3000028
3000032
3000037
3000042
3000048
3000055
3000062
3000071
3000081
3000092
3000105
3000119
3000136
3000155
3000176
3000201
3000228
3000260
3000296
3000337
3000383
3000436
3000497
3000565
3000644
3000733
3000834
3000949
3001080
3001229
3001399
3001593
3001813
3002063
3002348
3002672
3003041
3003461
3003940
3004484
3005103
3005808
3006610
3007523
3008562
3009744
3011090
3012621
3014364
3016348
3018606
3021175
3024100
3027428
3031216
3035527
3040433
3046017
3052372
3059604
3067836
3077204
3087865
3100000
