3500001
3500002
3500003
3500004
3500005
3500006
3500007
3500009
3500010
3500011
3500013
3500015
3500017
3500019
3500022
3500025
3500028
3500032
3500037
3500042
3500048
3500055
3500062
3500071
3500081
3500092
3500105
3500119
3500136
3500155
3500176
3500201
3500228
3500260
3500296
3500337
3500383
3500436
3500497
3500565
3500644
3500733
3500834
3500949
3501080
3501229
3501399
3501593
3501813
3502063
3502348
3502672
3503041
3503461
3503940
3504484
3505103
3505808
3506610
3507523
3508562
3509744
3511090
3512621
3514364
3516348
3518606
3521175
3524100
3527428
3531216
3535527
3540433
3546017
3552372
3559604
3567836
3577204
3587865
3600000
