1000001
1000002
1000003
1000004
1000005
1000006
1000007
1000009
1000010
1000011
1000013
1000015
1000017
1000019
1000022
1000025
1000028
1000032
1000037
1000042
1000048
1000055
1000062
1000071
1000081
1000092
1000105
1000119
1000136
1000155
1000176
1000201
1000228
1000260
1000296
1000337
1000383
1000436
1000497
1000565
1000644
1000733
1000834
1000949
1001080
1001229
1001399
1001593
1001813
1002063
1002348
1002672
1003041
1003461
1003940
1004484
1005103
1005808
1006610
1007523
1008562
1009744
1011090
1012621
1014364
1016348
1018606
1021175
1024100
1027428
1031216
1035527
1040433
1046017
1052372
1059604
1067836
1077204
1087865
1100000
