4500001
4500002
4500003
4500004
4500005
4500006
4500007
4500009
4500010
4500011
4500013
4500015
4500017
4500019
4500022
4500025
4500028
4500032
4500037
4500042
4500048
4500055
4500062
4500071
4500081
4500092
4500105
4500119
4500136
4500155
4500176
4500201
4500228
4500260
4500296
4500337
4500383
4500436
4500497
4500565
4500644
4500733
4500834
4500949
4501080
4501229
4501399
4501593
4501813
4502063
4502348
4502672
4503041
4503461
4503940
4504484
4505103
4505808
4506610
4507523
4508562
4509744
4511090
4512621
4514364
4516348
4518606
4521175
4524100
4527428
4531216
4535527
4540433
4546017
4552372
4559604
4567836
4577204
4587865
4600000
