3800001
3800002
3800003
3800004
3800005
3800006
3800007
3800009
3800010
3800011
3800013
3800015
3800017
3800019
3800022
3800025
3800028
3800032
3800037
3800042
3800048
3800055
3800062
3800071
3800081
3800092
3800105
3800119
3800136
3800155
3800176
3800201
3800228
3800260
3800296
3800337
3800383
3800436
3800497
3800565
3800644
3800733
3800834
3800949
3801080
3801229
3801399
3801593
3801813
3802063
3802348
3802672
3803041
3803461
3803940
3804484
3805103
3805808
3806610
3807523
3808562
3809744
3811090
3812621
3814364
3816348
3818606
3821175
3824100
3827428
3831216
3835527
3840433
3846017
3852372
3859604
3867836
3877204
3887865
3900000
