600001
600002
600003
600004
600005
600006
600007
600009
600010
600011
600013
600015
600017
600019
600022
600025
600028
600032
600037
600042
600048
600055
600062
600071
600081
600092
600105
600119
600136
600155
600176
600201
600228
600260
600296
600337
600383
600436
600497
600565
600644
600733
600834
600949
601080
601229
601399
601593
601813
602063
602348
602672
603041
603461
603940
604484
605103
605808
606610
607523
608562
609744
611090
612621
614364
616348
618606
621175
624100
627428
631216
635527
640433
646017
652372
659604
667836
677204
687865
700000
