1400001
1400002
1400003
1400004
1400005
1400006
1400007
1400009
1400010
1400011
1400013
1400015
1400017
1400019
1400022
1400025
1400028
1400032
1400037
1400042
1400048
1400055
1400062
1400071
1400081
1400092
1400105
1400119
1400136
1400155
1400176
1400201
1400228
1400260
1400296
1400337
1400383
1400436
1400497
1400565
1400644
1400733
1400834
1400949
1401080
1401229
1401399
1401593
1401813
1402063
1402348
1402672
1403041
1403461
1403940
1404484
1405103
1405808
1406610
1407523
1408562
1409744
1411090
1412621
1414364
1416348
1418606
1421175
1424100
1427428
1431216
1435527
1440433
1446017
1452372
1459604
1467836
1477204
1487865
1500000
