2000001
2000002
2000003
2000004
2000005
2000006
2000007
2000009
2000010
2000011
2000013
2000015
2000017
2000019
2000022
2000025
2000028
2000032
2000037
2000042
2000048
2000055
2000062
2000071
2000081
2000092
2000105
2000119
2000136
2000155
2000176
2000201
2000228
2000260
2000296
2000337
2000383
2000436
2000497
2000565
2000644
2000733
2000834
2000949
2001080
2001229
2001399
2001593
2001813
2002063
2002348
2002672
2003041
2003461
2003940
2004484
2005103
2005808
2006610
2007523
2008562
2009744
2011090
2012621
2014364
2016348
2018606
2021175
2024100
2027428
2031216
2035527
2040433
2046017
2052372
2059604
2067836
2077204
2087865
2100000
