3400001
3400002
3400003
3400004
3400005
3400006
3400007
3400009
3400010
3400011
3400013
3400015
3400017
3400019
3400022
3400025
3400028
3400032
3400037
3400042
3400048
3400055
3400062
3400071
3400081
3400092
3400105
3400119
3400136
3400155
3400176
3400201
3400228
3400260
3400296
3400337
3400383
3400436
3400497
3400565
3400644
3400733
3400834
3400949
3401080
3401229
3401399
3401593
3401813
3402063
3402348
3402672
3403041
3403461
3403940
3404484
3405103
3405808
3406610
3407523
3408562
3409744
3411090
3412621
3414364
3416348
3418606
3421175
3424100
3427428
3431216
3435527
3440433
3446017
3452372
3459604
3467836
3477204
3487865
3500000
