300001
300002
300003
300004
300005
300006
300007
300009
300010
300011
300013
300015
300017
300019
300022
300025
300028
300032
300037
300042
300048
300055
300062
300071
300081
300092
300105
300119
300136
300155
300176
300201
300228
300260
300296
300337
300383
300436
300497
300565
300644
300733
300834
300949
301080
301229
301399
301593
301813
302063
302348
302672
303041
303461
303940
304484
305103
305808
306610
307523
308562
309744
311090
312621
314364
316348
318606
321175
324100
327428
331216
335527
340433
346017
352372
359604
367836
377204
387865
400000
