4100001
4100002
4100003
4100004
4100005
4100006
4100007
4100009
4100010
4100011
4100013
4100015
4100017
4100019
4100022
4100025
4100028
4100032
4100037
4100042
4100048
4100055
4100062
4100071
4100081
4100092
4100105
4100119
4100136
4100155
4100176
4100201
4100228
4100260
4100296
4100337
4100383
4100436
4100497
4100565
4100644
4100733
4100834
4100949
4101080
4101229
4101399
4101593
4101813
4102063
4102348
4102672
4103041
4103461
4103940
4104484
4105103
4105808
4106610
4107523
4108562
4109744
4111090
4112621
4114364
4116348
4118606
4121175
4124100
4127428
4131216
4135527
4140433
4146017
4152372
4159604
4167836
4177204
4187865
4200000
