2100001
2100002
2100003
2100004
2100005
2100006
2100007
2100009
2100010
2100011
2100013
2100015
2100017
2100019
2100022
2100025
2100028
2100032
2100037
2100042
2100048
2100055
2100062
2100071
2100081
2100092
2100105
2100119
2100136
2100155
2100176
2100201
2100228
2100260
2100296
2100337
2100383
2100436
2100497
2100565
2100644
2100733
2100834
2100949
2101080
2101229
2101399
2101593
2101813
2102063
2102348
2102672
2103041
2103461
2103940
2104484
2105103
2105808
2106610
2107523
2108562
2109744
2111090
2112621
2114364
2116348
2118606
2121175
2124100
2127428
2131216
2135527
2140433
2146017
2152372
2159604
2167836
2177204
2187865
2200000
