4200001
4200002
4200003
4200004
4200005
4200006
4200007
4200009
4200010
4200011
4200013
4200015
4200017
4200019
4200022
4200025
4200028
4200032
4200037
4200042
4200048
4200055
4200062
4200071
4200081
4200092
4200105
4200119
4200136
4200155
4200176
4200201
4200228
4200260
4200296
4200337
4200383
4200436
4200497
4200565
4200644
4200733
4200834
4200949
4201080
4201229
4201399
4201593
4201813
4202063
4202348
4202672
4203041
4203461
4203940
4204484
4205103
4205808
4206610
4207523
4208562
4209744
4211090
4212621
4214364
4216348
4218606
4221175
4224100
4227428
4231216
4235527
4240433
4246017
4252372
4259604
4267836
4277204
4287865
4300000
