3300001
3300002
3300003
3300004
3300005
3300006
3300007
3300009
3300010
3300011
3300013
3300015
3300017
3300019
3300022
3300025
3300028
3300032
3300037
3300042
3300048
3300055
3300062
3300071
3300081
3300092
3300105
3300119
3300136
3300155
3300176
3300201
3300228
3300260
3300296
3300337
3300383
3300436
3300497
3300565
3300644
3300733
3300834
3300949
3301080
3301229
3301399
3301593
3301813
3302063
3302348
3302672
3303041
3303461
3303940
3304484
3305103
3305808
3306610
3307523
3308562
3309744
3311090
3312621
3314364
3316348
3318606
3321175
3324100
3327428
3331216
3335527
3340433
3346017
3352372
3359604
3367836
3377204
3387865
3400000
