3700001
3700002
3700003
3700004
3700005
3700006
3700007
3700009
3700010
3700011
3700013
3700015
3700017
3700019
3700022
3700025
3700028
3700032
3700037
3700042
3700048
3700055
3700062
3700071
3700081
3700092
3700105
3700119
3700136
3700155
3700176
3700201
3700228
3700260
3700296
3700337
3700383
3700436
3700497
3700565
3700644
3700733
3700834
3700949
3701080
3701229
3701399
3701593
3701813
3702063
3702348
3702672
3703041
3703461
3703940
3704484
3705103
3705808
3706610
3707523
3708562
3709744
3711090
3712621
3714364
3716348
3718606
3721175
3724100
3727428
3731216
3735527
3740433
3746017
3752372
3759604
3767836
3777204
3787865
3800000
