3200001
3200002
3200003
3200004
3200005
3200006
3200007
3200009
3200010
3200011
3200013
3200015
3200017
3200019
3200022
3200025
3200028
3200032
3200037
3200042
3200048
3200055
3200062
3200071
3200081
3200092
3200105
3200119
3200136
3200155
3200176
3200201
3200228
3200260
3200296
3200337
3200383
3200436
3200497
3200565
3200644
3200733
3200834
3200949
3201080
3201229
3201399
3201593
3201813
3202063
3202348
3202672
3203041
3203461
3203940
3204484
3205103
3205808
3206610
3207523
3208562
3209744
3211090
3212621
3214364
3216348
3218606
3221175
3224100
3227428
3231216
3235527
3240433
3246017
3252372
3259604
3267836
3277204
3287865
3300000
