100001
100002
100003
100004
100005
100006
100007
100009
100010
100011
100013
100015
100017
100019
100022
100025
100028
100032
100037
100042
100048
100055
100062
100071
100081
100092
100105
100119
100136
100155
100176
100201
100228
100260
100296
100337
100383
100436
100497
100565
100644
100733
100834
100949
101080
101229
101399
101593
101813
102063
102348
102672
103041
103461
103940
104484
105103
105808
106610
107523
108562
109744
111090
112621
114364
116348
118606
121175
124100
127428
131216
135527
140433
146017
152372
159604
167836
177204
187865
200000
