700001
700002
700003
700004
700005
700006
700007
700009
700010
700011
700013
700015
700017
700019
700022
700025
700028
700032
700037
700042
700048
700055
700062
700071
700081
700092
700105
700119
700136
700155
700176
700201
700228
700260
700296
700337
700383
700436
700497
700565
700644
700733
700834
700949
701080
701229
701399
701593
701813
702063
702348
702672
703041
703461
703940
704484
705103
705808
706610
707523
708562
709744
711090
712621
714364
716348
718606
721175
724100
727428
731216
735527
740433
746017
752372
759604
767836
777204
787865
800000
