4000001
4000002
4000003
4000004
4000005
4000006
4000007
4000009
4000010
4000011
4000013
4000015
4000017
4000019
4000022
4000025
4000028
4000032
4000037
4000042
4000048
4000055
4000062
4000071
4000081
4000092
4000105
4000119
4000136
4000155
4000176
4000201
4000228
4000260
4000296
4000337
4000383
4000436
4000497
4000565
4000644
4000733
4000834
4000949
4001080
4001229
4001399
4001593
4001813
4002063
4002348
4002672
4003041
4003461
4003940
4004484
4005103
4005808
4006610
4007523
4008562
4009744
4011090
4012621
4014364
4016348
4018606
4021175
4024100
4027428
4031216
4035527
4040433
4046017
4052372
4059604
4067836
4077204
4087865
4100000
