500001
500002
500003
500004
500005
500006
500007
500009
500010
500011
500013
500015
500017
500019
500022
500025
500028
500032
500037
500042
500048
500055
500062
500071
500081
500092
500105
500119
500136
500155
500176
500201
500228
500260
500296
500337
500383
500436
500497
500565
500644
500733
500834
500949
501080
501229
501399
501593
501813
502063
502348
502672
503041
503461
503940
504484
505103
505808
506610
507523
508562
509744
511090
512621
514364
516348
518606
521175
524100
527428
531216
535527
540433
546017
552372
559604
567836
577204
587865
600000
