2800001
2800002
2800003
2800004
2800005
2800006
2800007
2800009
2800010
2800011
2800013
2800015
2800017
2800019
2800022
2800025
2800028
2800032
2800037
2800042
2800048
2800055
2800062
2800071
2800081
2800092
2800105
2800119
2800136
2800155
2800176
2800201
2800228
2800260
2800296
2800337
2800383
2800436
2800497
2800565
2800644
2800733
2800834
2800949
2801080
2801229
2801399
2801593
2801813
2802063
2802348
2802672
2803041
2803461
2803940
2804484
2805103
2805808
2806610
2807523
2808562
2809744
2811090
2812621
2814364
2816348
2818606
2821175
2824100
2827428
2831216
2835527
2840433
2846017
2852372
2859604
2867836
2877204
2887865
2900000
