4300001
4300002
4300003
4300004
4300005
4300006
4300007
4300009
4300010
4300011
4300013
4300015
4300017
4300019
4300022
4300025
4300028
4300032
4300037
4300042
4300048
4300055
4300062
4300071
4300081
4300092
4300105
4300119
4300136
4300155
4300176
4300201
4300228
4300260
4300296
4300337
4300383
4300436
4300497
4300565
4300644
4300733
4300834
4300949
4301080
4301229
4301399
4301593
4301813
4302063
4302348
4302672
4303041
4303461
4303940
4304484
4305103
4305808
4306610
4307523
4308562
4309744
4311090
4312621
4314364
4316348
4318606
4321175
4324100
4327428
4331216
4335527
4340433
4346017
4352372
4359604
4367836
4377204
4387865
4400000
