4900001
4900002
4900003
4900004
4900005
4900006
4900007
4900009
4900010
4900011
4900013
4900015
4900017
4900019
4900022
4900025
4900028
4900032
4900037
4900042
4900048
4900055
4900062
4900071
4900081
4900092
4900105
4900119
4900136
4900155
4900176
4900201
4900228
4900260
4900296
4900337
4900383
4900436
4900497
4900565
4900644
4900733
4900834
4900949
4901080
4901229
4901399
4901593
4901813
4902063
4902348
4902672
4903041
4903461
4903940
4904484
4905103
4905808
4906610
4907523
4908562
4909744
4911090
4912621
4914364
4916348
4918606
4921175
4924100
4927428
4931216
4935527
4940433
4946017
4952372
4959604
4967836
4977204
4987865
5000000
