4400001
4400002
4400003
4400004
4400005
4400006
4400007
4400009
4400010
4400011
4400013
4400015
4400017
4400019
4400022
4400025
4400028
4400032
4400037
4400042
4400048
4400055
4400062
4400071
4400081
4400092
4400105
4400119
4400136
4400155
4400176
4400201
4400228
4400260
4400296
4400337
4400383
4400436
4400497
4400565
4400644
4400733
4400834
4400949
4401080
4401229
4401399
4401593
4401813
4402063
4402348
4402672
4403041
4403461
4403940
4404484
4405103
4405808
4406610
4407523
4408562
4409744
4411090
4412621
4414364
4416348
4418606
4421175
4424100
4427428
4431216
4435527
4440433
4446017
4452372
4459604
4467836
4477204
4487865
4500000
