900001
900002
900003
900004
900005
900006
900007
900009
900010
900011
900013
900015
900017
900019
900022
900025
900028
900032
900037
900042
900048
900055
900062
900071
900081
900092
900105
900119
900136
900155
900176
900201
900228
900260
900296
900337
900383
900436
900497
900565
900644
900733
900834
900949
901080
901229
901399
901593
901813
902063
902348
902672
903041
903461
903940
904484
905103
905808
906610
907523
908562
909744
911090
912621
914364
916348
918606
921175
924100
927428
931216
935527
940433
946017
952372
959604
967836
977204
987865
1000000
