1700001
1700002
1700003
1700004
1700005
1700006
1700007
1700009
1700010
1700011
1700013
1700015
1700017
1700019
1700022
1700025
1700028
1700032
1700037
1700042
1700048
1700055
1700062
1700071
1700081
1700092
1700105
1700119
1700136
1700155
1700176
1700201
1700228
1700260
1700296
1700337
1700383
1700436
1700497
1700565
1700644
1700733
1700834
1700949
1701080
1701229
1701399
1701593
1701813
1702063
1702348
1702672
1703041
1703461
1703940
1704484
1705103
1705808
1706610
1707523
1708562
1709744
1711090
1712621
1714364
1716348
1718606
1721175
1724100
1727428
1731216
1735527
1740433
1746017
1752372
1759604
1767836
1777204
1787865
1800000
