800001
800002
800003
800004
800005
800006
800007
800009
800010
800011
800013
800015
800017
800019
800022
800025
800028
800032
800037
800042
800048
800055
800062
800071
800081
800092
800105
800119
800136
800155
800176
800201
800228
800260
800296
800337
800383
800436
800497
800565
800644
800733
800834
800949
801080
801229
801399
801593
801813
802063
802348
802672
803041
803461
803940
804484
805103
805808
806610
807523
808562
809744
811090
812621
814364
816348
818606
821175
824100
827428
831216
835527
840433
846017
852372
859604
867836
877204
887865
900000
