4800001
4800002
4800003
4800004
4800005
4800006
4800007
4800009
4800010
4800011
4800013
4800015
4800017
4800019
4800022
4800025
4800028
4800032
4800037
4800042
4800048
4800055
4800062
4800071
4800081
4800092
4800105
4800119
4800136
4800155
4800176
4800201
4800228
4800260
4800296
4800337
4800383
4800436
4800497
4800565
4800644
4800733
4800834
4800949
4801080
4801229
4801399
4801593
4801813
4802063
4802348
4802672
4803041
4803461
4803940
4804484
4805103
4805808
4806610
4807523
4808562
4809744
4811090
4812621
4814364
4816348
4818606
4821175
4824100
4827428
4831216
4835527
4840433
4846017
4852372
4859604
4867836
4877204
4887865
4900000
