4700001
4700002
4700003
4700004
4700005
4700006
4700007
4700009
4700010
4700011
4700013
4700015
4700017
4700019
4700022
4700025
4700028
4700032
4700037
4700042
4700048
4700055
4700062
4700071
4700081
4700092
4700105
4700119
4700136
4700155
4700176
4700201
4700228
4700260
4700296
4700337
4700383
4700436
4700497
4700565
4700644
4700733
4700834
4700949
4701080
4701229
4701399
4701593
4701813
4702063
4702348
4702672
4703041
4703461
4703940
4704484
4705103
4705808
4706610
4707523
4708562
4709744
4711090
4712621
4714364
4716348
4718606
4721175
4724100
4727428
4731216
4735527
4740433
4746017
4752372
4759604
4767836
4777204
4787865
4800000
