1
2
3
4
5
6
8
9
12
14
17
21
26
31
38
46
56
68
82
99
121
146
177
215
261
316
383
464
562
681
825
999
1211
1467
1778
2154
2610
3162
3831
4641
5623
6812
8254
9999
12115
14677
17782
21544
26101
31622
38311
46415
56234
68129
82540
99999
121152
146779
177827
215443
261015
316227
383118
464158
562341
681292
825404
999999
1211527
1467799
1778279
2154434
2610157
3162277
3831186
4641588
5623413
6812920
8254041
9999999
10000001
10000002
10000003
10000004
10000005
10000006
10000008
10000009
10000012
10000014
10000017
10000021
10000026
10000031
10000038
10000046
10000056
10000068
10000082
10000099
10000121
10000146
10000177
10000215
10000261
10000316
10000383
10000464
10000562
10000681
10000825
10000999
10001211
10001467
10001778
10002154
10002610
10003162
10003831
10004641
10005623
10006812
10008254
10009999
10012115
10014677
10017782
10021544
10026101
10031622
10038311
10046415
10056234
10068129
10082540
10099999
10121152
10146779
10177827
10215443
10261015
10316227
10383118
10464158
10562341
10681292
10825404
10999999
11211527
11467799
11778279
12154434
12610157
13162277
13831186
14641588
15623413
16812920
18254041
19999999
20000001
20000002
20000003
20000004
20000005
20000006
20000008
20000009
20000012
20000014
20000017
20000021
20000026
20000031
20000038
20000046
20000056
20000068
20000082
20000099
20000121
20000146
20000177
20000215
20000261
20000316
20000383
20000464
20000562
20000681
20000825
20000999
20001211
20001467
20001778
20002154
20002610
20003162
20003831
20004641
20005623
20006812
20008254
20009999
20012115
20014677
20017782
20021544
20026101
20031622
20038311
20046415
20056234
20068129
20082540
20099999
20121152
20146779
20177827
20215443
20261015
20316227
20383118
20464158
20562341
20681292
20825404
20999999
21211527
21467799
21778279
22154434
22610157
23162277
23831186
24641588
25623413
26812920
28254041
29999999
30000001
30000002
30000003
30000004
30000005
30000006
30000008
30000009
30000012
30000014
30000017
30000021
30000026
30000031
30000038
30000046
30000056
30000068
30000082
30000099
30000121
30000146
30000177
30000215
30000261
30000316
30000383
30000464
30000562
30000681
30000825
30000999
30001211
30001467
30001778
30002154
30002610
30003162
30003831
30004641
30005623
30006812
30008254
30009999
30012115
30014677
30017782
30021544
30026101
30031622
30038311
30046415
30056234
30068129
30082540
30099999
30121152
30146779
30177827
30215443
30261015
30316227
30383118
30464158
30562341
30681292
30825404
30999999
31211527
31467799
31778279
32154434
32610157
33162277
33831186
34641588
35623413
36812920
38254041
39999999
40000001
40000002
40000003
40000004
40000005
40000006
40000008
40000009
40000012
40000014
40000017
40000021
40000026
40000031
40000038
40000046
40000056
40000068
40000082
40000099
40000121
40000146
40000177
40000215
40000261
40000316
40000383
40000464
40000562
40000681
40000825
40000999
40001211
40001467
40001778
40002154
40002610
40003162
40003831
40004641
40005623
40006812
40008254
40009999
40012115
40014677
40017782
40021544
40026101
40031622
40038311
40046415
40056234
40068129
40082540
40099999
40121152
40146779
40177827
40215443
40261015
40316227
40383118
40464158
40562341
40681292
40825404
40999999
41211527
41467799
41778279
42154434
42610157
43162277
43831186
44641588
45623413
46812920
48254041
49999999
50000001
50000002
50000003
50000004
50000005
50000006
50000008
50000009
50000012
50000014
50000017
50000021
50000026
50000031
50000038
50000046
50000056
50000068
50000082
50000099
50000121
50000146
50000177
50000215
50000261
50000316
50000383
50000464
50000562
50000681
50000825
50000999
50001211
50001467
50001778
50002154
50002610
50003162
50003831
50004641
50005623
50006812
50008254
50009999
50012115
50014677
50017782
50021544
50026101
50031622
50038311
50046415
50056234
50068129
50082540
50099999
50121152
50146779
50177827
50215443
50261015
50316227
50383118
50464158
50562341
50681292
50825404
50999999
51211527
51467799
51778279
52154434
52610157
53162277
53831186
54641588
55623413
56812920
58254041
59999999
60000001
60000002
60000003
60000004
60000005
60000006
60000008
60000009
60000012
60000014
60000017
60000021
60000026
60000031
60000038
60000046
60000056
60000068
60000082
60000099
60000121
60000146
60000177
60000215
60000261
60000316
60000383
60000464
60000562
60000681
60000825
60000999
60001211
60001467
60001778
60002154
60002610
60003162
60003831
60004641
60005623
60006812
60008254
60009999
60012115
60014677
60017782
60021544
60026101
60031622
60038311
60046415
60056234
60068129
60082540
60099999
60121152
60146779
60177827
60215443
60261015
60316227
60383118
60464158
60562341
60681292
60825404
60999999
61211527
61467799
61778279
62154434
62610157
63162277
63831186
64641588
65623413
66812920
68254041
69999999
70000001
70000002
70000003
70000004
70000005
70000006
70000008
70000009
70000012
70000014
70000017
70000021
70000026
70000031
70000038
70000046
70000056
70000068
70000082
70000099
70000121
70000146
70000177
70000215
70000261
70000316
70000383
70000464
70000562
70000681
70000825
70000999
70001211
70001467
70001778
70002154
70002610
70003162
70003831
70004641
70005623
70006812
70008254
70009999
70012115
70014677
70017782
70021544
70026101
70031622
70038311
70046415
70056234
70068129
70082540
70099999
70121152
70146779
70177827
70215443
70261015
70316227
70383118
70464158
70562341
70681292
70825404
70999999
71211527
71467799
71778279
72154434
72610157
73162277
73831186
74641588
75623413
76812920
78254041
79999999
80000001
80000002
80000003
80000004
80000005
80000006
80000008
80000009
80000012
80000014
80000017
80000021
80000026
80000031
80000038
80000046
80000056
80000068
80000082
80000099
80000121
80000146
80000177
80000215
80000261
80000316
80000383
80000464
80000562
80000681
80000825
80000999
80001211
80001467
80001778
80002154
80002610
80003162
80003831
80004641
80005623
80006812
80008254
80009999
80012115
80014677
80017782
80021544
80026101
80031622
80038311
80046415
80056234
80068129
80082540
80099999
80121152
80146779
80177827
80215443
80261015
80316227
80383118
80464158
80562341
80681292
80825404
80999999
81211527
81467799
81778279
82154434
82610157
83162277
83831186
84641588
85623413
86812920
88254041
89999999
90000001
90000002
90000003
90000004
90000005
90000006
90000008
90000009
90000012
90000014
90000017
90000021
90000026
90000031
90000038
90000046
90000056
90000068
90000082
90000099
90000121
90000146
90000177
90000215
90000261
90000316
90000383
90000464
90000562
90000681
90000825
90000999
90001211
90001467
90001778
90002154
90002610
90003162
90003831
90004641
90005623
90006812
90008254
90009999
90012115
90014677
90017782
90021544
90026101
90031622
90038311
90046415
90056234
90068129
90082540
90099999
90121152
90146779
90177827
90215443
90261015
90316227
90383118
90464158
90562341
90681292
90825404
90999999
91211527
91467799
91778279
92154434
92610157
93162277
93831186
94641588
95623413
96812920
98254041
99999999
