40000001
40000002
40000003
40000004
40000005
40000006
40000008
40000009
40000012
40000014
40000017
40000021
40000026
40000031
40000038
40000046
40000056
40000068
40000082
40000099
40000121
40000146
40000177
40000215
40000261
40000316
40000383
40000464
40000562
40000681
40000825
40000999
40001211
40001467
40001778
40002154
40002610
40003162
40003831
40004641
40005623
40006812
40008254
40009999
40012115
40014677
40017782
40021544
40026101
40031622
40038311
40046415
40056234
40068129
40082540
40099999
40121152
40146779
40177827
40215443
40261015
40316227
40383118
40464158
40562341
40681292
40825404
40999999
41211527
41467799
41778279
42154434
42610157
43162277
43831186
44641588
45623413
46812920
48254041
49999999
