10000001
10000002
10000003
10000004
10000005
10000006
10000008
10000009
10000012
10000014
10000017
10000021
10000026
10000031
10000038
10000046
10000056
10000068
10000082
10000099
10000121
10000146
10000177
10000215
10000261
10000316
10000383
10000464
10000562
10000681
10000825
10000999
10001211
10001467
10001778
10002154
10002610
10003162
10003831
10004641
10005623
10006812
10008254
10009999
10012115
10014677
10017782
10021544
10026101
10031622
10038311
10046415
10056234
10068129
10082540
10099999
10121152
10146779
10177827
10215443
10261015
10316227
10383118
10464158
10562341
10681292
10825404
10999999
11211527
11467799
11778279
12154434
12610157
13162277
13831186
14641588
15623413
16812920
18254041
19999999
