70000001
70000002
70000003
70000004
70000005
70000006
70000008
70000009
70000012
70000014
70000017
70000021
70000026
70000031
70000038
70000046
70000056
70000068
70000082
70000099
70000121
70000146
70000177
70000215
70000261
70000316
70000383
70000464
70000562
70000681
70000825
70000999
70001211
70001467
70001778
70002154
70002610
70003162
70003831
70004641
70005623
70006812
70008254
70009999
70012115
70014677
70017782
70021544
70026101
70031622
70038311
70046415
70056234
70068129
70082540
70099999
70121152
70146779
70177827
70215443
70261015
70316227
70383118
70464158
70562341
70681292
70825404
70999999
71211527
71467799
71778279
72154434
72610157
73162277
73831186
74641588
75623413
76812920
78254041
79999999
