80000001
80000002
80000003
80000004
80000005
80000006
80000008
80000009
80000012
80000014
80000017
80000021
80000026
80000031
80000038
80000046
80000056
80000068
80000082
80000099
80000121
80000146
80000177
80000215
80000261
80000316
80000383
80000464
80000562
80000681
80000825
80000999
80001211
80001467
80001778
80002154
80002610
80003162
80003831
80004641
80005623
80006812
80008254
80009999
80012115
80014677
80017782
80021544
80026101
80031622
80038311
80046415
80056234
80068129
80082540
80099999
80121152
80146779
80177827
80215443
80261015
80316227
80383118
80464158
80562341
80681292
80825404
80999999
81211527
81467799
81778279
82154434
82610157
83162277
83831186
84641588
85623413
86812920
88254041
89999999
