60000001
60000002
60000003
60000004
60000005
60000006
60000008
60000009
60000012
60000014
60000017
60000021
60000026
60000031
60000038
60000046
60000056
60000068
60000082
60000099
60000121
60000146
60000177
60000215
60000261
60000316
60000383
60000464
60000562
60000681
60000825
60000999
60001211
60001467
60001778
60002154
60002610
60003162
60003831
60004641
60005623
60006812
60008254
60009999
60012115
60014677
60017782
60021544
60026101
60031622
60038311
60046415
60056234
60068129
60082540
60099999
60121152
60146779
60177827
60215443
60261015
60316227
60383118
60464158
60562341
60681292
60825404
60999999
61211527
61467799
61778279
62154434
62610157
63162277
63831186
64641588
65623413
66812920
68254041
69999999
