20000001
20000002
20000003
20000004
20000005
20000006
20000008
20000009
20000012
20000014
20000017
20000021
20000026
20000031
20000038
20000046
20000056
20000068
20000082
20000099
20000121
20000146
20000177
20000215
20000261
20000316
20000383
20000464
20000562
20000681
20000825
20000999
20001211
20001467
20001778
20002154
20002610
20003162
20003831
20004641
20005623
20006812
20008254
20009999
20012115
20014677
20017782
20021544
20026101
20031622
20038311
20046415
20056234
20068129
20082540
20099999
20121152
20146779
20177827
20215443
20261015
20316227
20383118
20464158
20562341
20681292
20825404
20999999
21211527
21467799
21778279
22154434
22610157
23162277
23831186
24641588
25623413
26812920
28254041
29999999
