30000001
30000002
30000003
30000004
30000005
30000006
30000008
30000009
30000012
30000014
30000017
30000021
30000026
30000031
30000038
30000046
30000056
30000068
30000082
30000099
30000121
30000146
30000177
30000215
30000261
30000316
30000383
30000464
30000562
30000681
30000825
30000999
30001211
30001467
30001778
30002154
30002610
30003162
30003831
30004641
30005623
30006812
30008254
30009999
30012115
30014677
30017782
30021544
30026101
30031622
30038311
30046415
30056234
30068129
30082540
30099999
30121152
30146779
30177827
30215443
30261015
30316227
30383118
30464158
30562341
30681292
30825404
30999999
31211527
31467799
31778279
32154434
32610157
33162277
33831186
34641588
35623413
36812920
38254041
39999999
