50000001
50000002
50000003
50000004
50000005
50000006
50000008
50000009
50000012
50000014
50000017
50000021
50000026
50000031
50000038
50000046
50000056
50000068
50000082
50000099
50000121
50000146
50000177
50000215
50000261
50000316
50000383
50000464
50000562
50000681
50000825
50000999
50001211
50001467
50001778
50002154
50002610
50003162
50003831
50004641
50005623
50006812
50008254
50009999
50012115
50014677
50017782
50021544
50026101
50031622
50038311
50046415
50056234
50068129
50082540
50099999
50121152
50146779
50177827
50215443
50261015
50316227
50383118
50464158
50562341
50681292
50825404
50999999
51211527
51467799
51778279
52154434
52610157
53162277
53831186
54641588
55623413
56812920
58254041
59999999
