90000001
90000002
90000003
90000004
90000005
90000006
90000008
90000009
90000012
90000014
90000017
90000021
90000026
90000031
90000038
90000046
90000056
90000068
90000082
90000099
90000121
90000146
90000177
90000215
90000261
90000316
90000383
90000464
90000562
90000681
90000825
90000999
90001211
90001467
90001778
90002154
90002610
90003162
90003831
90004641
90005623
90006812
90008254
90009999
90012115
90014677
90017782
90021544
90026101
90031622
90038311
90046415
90056234
90068129
90082540
90099999
90121152
90146779
90177827
90215443
90261015
90316227
90383118
90464158
90562341
90681292
90825404
90999999
91211527
91467799
91778279
92154434
92610157
93162277
93831186
94641588
95623413
96812920
98254041
99999999
