1
2
3
4
5
6
8
9
11
13
15
18
21
24
29
34
40
47
55
65
76
89
105
123
145
170
200
235
276
324
381
447
525
617
725
851
1000
1174
1378
1619
1901
2232
2621
3078
3615
4245
4985
5853
6873
8071
9478
11130
13070
15347
18022
21163
24851
29182
34267
40239
47251
55486
65155
76510
89843
105500
123886
145475
170827
200597
235555
276605
324808
381412
447881
525932
617586
725212
851593
1000000
1000001
1000002
1000003
1000004
1000005
1000006
1000008
1000009
1000011
1000013
1000015
1000018
1000021
1000024
1000029
1000034
1000040
1000047
1000055
1000065
1000076
1000089
1000105
1000123
1000145
1000170
1000200
1000235
1000276
1000324
1000381
1000447
1000525
1000617
1000725
1000851
1001000
1001174
1001378
1001619
1001901
1002232
1002621
1003078
1003615
1004245
1004985
1005853
1006873
1008071
1009478
1011130
1013070
1015347
1018022
1021163
1024851
1029182
1034267
1040239
1047251
1055486
1065155
1076510
1089843
1105500
1123886
1145475
1170827
1200597
1235555
1276605
1324808
1381412
1447881
1525932
1617586
1725212
1851593
2000000
2000001
2000002
2000003
2000004
2000005
2000006
2000008
2000009
2000011
2000013
2000015
2000018
2000021
2000024
2000029
2000034
2000040
2000047
2000055
2000065
2000076
2000089
2000105
2000123
2000145
2000170
2000200
2000235
2000276
2000324
2000381
2000447
2000525
2000617
2000725
2000851
2001000
2001174
2001378
2001619
2001901
2002232
2002621
2003078
2003615
2004245
2004985
2005853
2006873
2008071
2009478
2011130
2013070
2015347
2018022
2021163
2024851
2029182
2034267
2040239
2047251
2055486
2065155
2076510
2089843
2105500
2123886
2145475
2170827
2200597
2235555
2276605
2324808
2381412
2447881
2525932
2617586
2725212
2851593
3000000
3000001
3000002
3000003
3000004
3000005
3000006
3000008
3000009
3000011
3000013
3000015
3000018
3000021
3000024
3000029
3000034
3000040
3000047
3000055
3000065
3000076
3000089
3000105
3000123
3000145
3000170
3000200
3000235
3000276
3000324
3000381
3000447
3000525
3000617
3000725
3000851
3001000
3001174
3001378
3001619
3001901
3002232
3002621
3003078
3003615
3004245
3004985
3005853
3006873
3008071
3009478
3011130
3013070
3015347
3018022
3021163
3024851
3029182
3034267
3040239
3047251
3055486
3065155
3076510
3089843
3105500
3123886
3145475
3170827
3200597
3235555
3276605
3324808
3381412
3447881
3525932
3617586
3725212
3851593
4000000
4000001
4000002
4000003
4000004
4000005
4000006
4000008
4000009
4000011
4000013
4000015
4000018
4000021
4000024
4000029
4000034
4000040
4000047
4000055
4000065
4000076
4000089
4000105
4000123
4000145
4000170
4000200
4000235
4000276
4000324
4000381
4000447
4000525
4000617
4000725
4000851
4001000
4001174
4001378
4001619
4001901
4002232
4002621
4003078
4003615
4004245
4004985
4005853
4006873
4008071
4009478
4011130
4013070
4015347
4018022
4021163
4024851
4029182
4034267
4040239
4047251
4055486
4065155
4076510
4089843
4105500
4123886
4145475
4170827
4200597
4235555
4276605
4324808
4381412
4447881
4525932
4617586
4725212
4851593
5000000
5000001
5000002
5000003
5000004
5000005
5000006
5000008
5000009
5000011
5000013
5000015
5000018
5000021
5000024
5000029
5000034
5000040
5000047
5000055
5000065
5000076
5000089
5000105
5000123
5000145
5000170
5000200
5000235
5000276
5000324
5000381
5000447
5000525
5000617
5000725
5000851
5001000
5001174
5001378
5001619
5001901
5002232
5002621
5003078
5003615
5004245
5004985
5005853
5006873
5008071
5009478
5011130
5013070
5015347
5018022
5021163
5024851
5029182
5034267
5040239
5047251
5055486
5065155
5076510
5089843
5105500
5123886
5145475
5170827
5200597
5235555
5276605
5324808
5381412
5447881
5525932
5617586
5725212
5851593
6000000
6000001
6000002
6000003
6000004
6000005
6000006
6000008
6000009
6000011
6000013
6000015
6000018
6000021
6000024
6000029
6000034
6000040
6000047
6000055
6000065
6000076
6000089
6000105
6000123
6000145
6000170
6000200
6000235
6000276
6000324
6000381
6000447
6000525
6000617
6000725
6000851
6001000
6001174
6001378
6001619
6001901
6002232
6002621
6003078
6003615
6004245
6004985
6005853
6006873
6008071
6009478
6011130
6013070
6015347
6018022
6021163
6024851
6029182
6034267
6040239
6047251
6055486
6065155
6076510
6089843
6105500
6123886
6145475
6170827
6200597
6235555
6276605
6324808
6381412
6447881
6525932
6617586
6725212
6851593
7000000
7000001
7000002
7000003
7000004
7000005
7000006
7000008
7000009
7000011
7000013
7000015
7000018
7000021
7000024
7000029
7000034
7000040
7000047
7000055
7000065
7000076
7000089
7000105
7000123
7000145
7000170
7000200
7000235
7000276
7000324
7000381
7000447
7000525
7000617
7000725
7000851
7001000
7001174
7001378
7001619
7001901
7002232
7002621
7003078
7003615
7004245
7004985
7005853
7006873
7008071
7009478
7011130
7013070
7015347
7018022
7021163
7024851
7029182
7034267
7040239
7047251
7055486
7065155
7076510
7089843
7105500
7123886
7145475
7170827
7200597
7235555
7276605
7324808
7381412
7447881
7525932
7617586
7725212
7851593
8000000
8000001
8000002
8000003
8000004
8000005
8000006
8000008
8000009
8000011
8000013
8000015
8000018
8000021
8000024
8000029
8000034
8000040
8000047
8000055
8000065
8000076
8000089
8000105
8000123
8000145
8000170
8000200
8000235
8000276
8000324
8000381
8000447
8000525
8000617
8000725
8000851
8001000
8001174
8001378
8001619
8001901
8002232
8002621
8003078
8003615
8004245
8004985
8005853
8006873
8008071
8009478
8011130
8013070
8015347
8018022
8021163
8024851
8029182
8034267
8040239
8047251
8055486
8065155
8076510
8089843
8105500
8123886
8145475
8170827
8200597
8235555
8276605
8324808
8381412
8447881
8525932
8617586
8725212
8851593
9000000
9000001
9000002
9000003
9000004
9000005
9000006
9000008
9000009
9000011
9000013
9000015
9000018
9000021
9000024
9000029
9000034
9000040
9000047
9000055
9000065
9000076
9000089
9000105
9000123
9000145
9000170
9000200
9000235
9000276
9000324
9000381
9000447
9000525
9000617
9000725
9000851
9001000
9001174
9001378
9001619
9001901
9002232
9002621
9003078
9003615
9004245
9004985
9005853
9006873
9008071
9009478
9011130
9013070
9015347
9018022
9021163
9024851
9029182
9034267
9040239
9047251
9055486
9065155
9076510
9089843
9105500
9123886
9145475
9170827
9200597
9235555
9276605
9324808
9381412
9447881
9525932
9617586
9725212
9851593
10000000
