7000001
7000002
7000003
7000004
7000005
7000006
7000008
7000009
7000011
7000013
7000015
7000018
7000021
7000024
7000029
7000034
7000040
7000047
7000055
7000065
7000076
7000089
7000105
7000123
7000145
7000170
7000200
7000235
7000276
7000324
7000381
7000447
7000525
7000617
7000725
7000851
7001000
7001174
7001378
7001619
7001901
7002232
7002621
7003078
7003615
7004245
7004985
7005853
7006873
7008071
7009478
7011130
7013070
7015347
7018022
7021163
7024851
7029182
7034267
7040239
7047251
7055486
7065155
7076510
7089843
7105500
7123886
7145475
7170827
7200597
7235555
7276605
7324808
7381412
7447881
7525932
7617586
7725212
7851593
8000000
