4000001
4000002
4000003
4000004
4000005
4000006
4000008
4000009
4000011
4000013
4000015
4000018
4000021
4000024
4000029
4000034
4000040
4000047
4000055
4000065
4000076
4000089
4000105
4000123
4000145
4000170
4000200
4000235
4000276
4000324
4000381
4000447
4000525
4000617
4000725
4000851
4001000
4001174
4001378
4001619
4001901
4002232
4002621
4003078
4003615
4004245
4004985
4005853
4006873
4008071
4009478
4011130
4013070
4015347
4018022
4021163
4024851
4029182
4034267
4040239
4047251
4055486
4065155
4076510
4089843
4105500
4123886
4145475
4170827
4200597
4235555
4276605
4324808
4381412
4447881
4525932
4617586
4725212
4851593
5000000
