2000001
2000002
2000003
2000004
2000005
2000006
2000008
2000009
2000011
2000013
2000015
2000018
2000021
2000024
2000029
2000034
2000040
2000047
2000055
2000065
2000076
2000089
2000105
2000123
2000145
2000170
2000200
2000235
2000276
2000324
2000381
2000447
2000525
2000617
2000725
2000851
2001000
2001174
2001378
2001619
2001901
2002232
2002621
2003078
2003615
2004245
2004985
2005853
2006873
2008071
2009478
2011130
2013070
2015347
2018022
2021163
2024851
2029182
2034267
2040239
2047251
2055486
2065155
2076510
2089843
2105500
2123886
2145475
2170827
2200597
2235555
2276605
2324808
2381412
2447881
2525932
2617586
2725212
2851593
3000000
