1
2
3
4
5
6
8
9
11
13
15
18
21
24
29
34
40
47
55
65
76
89
105
123
145
170
200
235
276
324
381
447
525
617
725
851
1000
1174
1378
1619
1901
2232
2621
3078
3615
4245
4985
5853
6873
8071
9478
11130
13070
15347
18022
21163
24851
29182
34267
40239
47251
55486
65155
76510
89843
105500
123886
145475
170827
200597
235555
276605
324808
381412
447881
525932
617586
725212
851593
1000000
1000001
1000002
1000003
1000004
1000005
1000006
1000008
1000009
1000011
1000013
1000015
1000018
1000021
1000024
1000029
1000034
1000040
1000047
1000055
1000065
1000076
1000089
1000105
1000123
1000145
1000170
1000200
1000235
1000276
1000324
1000381
1000447
1000525
1000617
1000725
1000851
1001000
1001174
1001378
1001619
1001901
1002232
1002621
1003078
1003615
1004245
1004985
1005853
1006873
1008071
1009478
1011130
1013070
1015347
1018022
1021163
1024851
1029182
1034267
1040239
1047251
1055486
1065155
1076510
1089843
1105500
1123886
1145475
1170827
1200597
1235555
1276605
1324808
1381412
1447881
1525932
1617586
1725212
1851593
2000000
2000001
2000002
2000003
2000004
2000005
2000006
2000008
2000009
2000011
2000013
2000015
2000018
2000021
2000024
2000029
2000034
2000040
2000047
2000055
2000065
2000076
2000089
2000105
2000123
2000145
2000170
2000200
2000235
2000276
2000324
2000381
2000447
2000525
2000617
2000725
2000851
2001000
2001174
2001378
2001619
2001901
2002232
2002621
2003078
2003615
2004245
2004985
2005853
2006873
2008071
2009478
2011130
2013070
2015347
2018022
2021163
2024851
2029182
2034267
2040239
2047251
2055486
2065155
2076510
2089843
2105500
2123886
2145475
2170827
2200597
2235555
2276605
2324808
2381412
2447881
2525932
2617586
2725212
2851593
3000000
3000001
3000002
3000003
3000004
3000005
3000006
3000008
3000009
3000011
3000013
3000015
3000018
3000021
3000024
3000029
3000034
3000040
3000047
3000055
3000065
3000076
3000089
3000105
3000123
3000145
3000170
3000200
3000235
3000276
3000324
3000381
3000447
3000525
3000617
3000725
3000851
3001000
3001174
3001378
3001619
3001901
3002232
3002621
3003078
3003615
3004245
3004985
3005853
3006873
3008071
3009478
3011130
3013070
3015347
3018022
3021163
3024851
3029182
3034267
3040239
3047251
3055486
3065155
3076510
3089843
3105500
3123886
3145475
3170827
3200597
3235555
3276605
3324808
3381412
3447881
3525932
3617586
3725212
3851593
4000000
4000001
4000002
4000003
4000004
4000005
4000006
4000008
4000009
4000011
4000013
4000015
4000018
4000021
4000024
4000029
4000034
4000040
4000047
4000055
4000065
4000076
4000089
4000105
4000123
4000145
4000170
4000200
4000235
4000276
4000324
4000381
4000447
4000525
4000617
4000725
4000851
4001000
4001174
4001378
4001619
4001901
4002232
4002621
4003078
4003615
4004245
4004985
4005853
4006873
4008071
4009478
4011130
4013070
4015347
4018022
4021163
4024851
4029182
4034267
4040239
4047251
4055486
4065155
4076510
4089843
4105500
4123886
4145475
4170827
4200597
4235555
4276605
4324808
4381412
4447881
4525932
4617586
4725212
4851593
5000000
5000001
5000002
5000003
5000004
5000005
5000006
5000008
5000009
5000011
5000013
5000015
5000018
5000021
5000024
5000029
5000034
5000040
5000047
5000055
5000065
5000076
5000089
5000105
5000123
5000145
5000170
5000200
5000235
5000276
5000324
5000381
5000447
5000525
5000617
5000725
5000851
5001000
5001174
5001378
5001619
5001901
5002232
5002621
5003078
5003615
5004245
5004985
5005853
5006873
5008071
5009478
5011130
5013070
5015347
5018022
5021163
5024851
5029182
5034267
5040239
5047251
5055486
5065155
5076510
5089843
5105500
5123886
5145475
5170827
5200597
5235555
5276605
5324808
5381412
5447881
5525932
5617586
5725212
5851593
6000000
6000001
6000002
6000003
6000004
6000005
6000006
6000008
6000009
6000011
6000013
6000015
6000018
6000021
6000024
6000029
6000034
6000040
6000047
6000055
6000065
6000076
6000089
6000105
6000123
6000145
6000170
6000200
6000235
6000276
6000324
6000381
6000447
6000525
6000617
6000725
6000851
6001000
6001174
6001378
6001619
6001901
6002232
6002621
6003078
6003615
6004245
6004985
6005853
6006873
6008071
6009478
6011130
6013070
6015347
6018022
6021163
6024851
6029182
6034267
6040239
6047251
6055486
6065155
6076510
6089843
6105500
6123886
6145475
6170827
6200597
6235555
6276605
6324808
6381412
6447881
6525932
6617586
6725212
6851593
7000000
7000001
7000002
7000003
7000004
7000005
7000006
7000008
7000009
7000011
7000013
7000015
7000018
7000021
7000024
7000029
7000034
7000040
7000047
7000055
7000065
7000076
7000089
7000105
7000123
7000145
7000170
7000200
7000235
7000276
7000324
7000381
7000447
7000525
7000617
7000725
7000851
7001000
7001174
7001378
7001619
7001901
7002232
7002621
7003078
7003615
7004245
7004985
7005853
7006873
7008071
7009478
7011130
7013070
7015347
7018022
7021163
7024851
7029182
7034267
7040239
7047251
7055486
7065155
7076510
7089843
7105500
7123886
7145475
7170827
7200597
7235555
7276605
7324808
7381412
7447881
7525932
7617586
7725212
7851593
8000000
8000001
8000002
8000003
8000004
8000005
8000006
8000008
8000009
8000011
8000013
8000015
8000018
8000021
8000024
8000029
8000034
8000040
8000047
8000055
8000065
8000076
8000089
8000105
8000123
8000145
8000170
8000200
8000235
8000276
8000324
8000381
8000447
8000525
8000617
8000725
8000851
8001000
8001174
8001378
8001619
8001901
8002232
8002621
8003078
8003615
8004245
8004985
8005853
8006873
8008071
8009478
8011130
8013070
8015347
8018022
8021163
8024851
8029182
8034267
8040239
8047251
8055486
8065155
8076510
8089843
8105500
8123886
8145475
8170827
8200597
8235555
8276605
8324808
8381412
8447881
8525932
8617586
8725212
8851593
9000000
9000001
9000002
9000003
9000004
9000005
9000006
9000008
9000009
9000011
9000013
9000015
9000018
9000021
9000024
9000029
9000034
9000040
9000047
9000055
9000065
9000076
9000089
9000105
9000123
9000145
9000170
9000200
9000235
9000276
9000324
9000381
9000447
9000525
9000617
9000725
9000851
9001000
9001174
9001378
9001619
9001901
9002232
9002621
9003078
9003615
9004245
9004985
9005853
9006873
9008071
9009478
9011130
9013070
9015347
9018022
9021163
9024851
9029182
9034267
9040239
9047251
9055486
9065155
9076510
9089843
9105500
9123886
9145475
9170827
9200597
9235555
9276605
9324808
9381412
9447881
9525932
9617586
9725212
9851593
10000000
10000001
10000002
10000003
10000004
10000005
10000006
10000008
10000009
10000011
10000013
10000015
10000018
10000021
10000024
10000029
10000034
10000040
10000047
10000055
10000065
10000076
10000089
10000105
10000123
10000145
10000170
10000200
10000235
10000276
10000324
10000381
10000447
10000525
10000617
10000725
10000851
10001000
10001174
10001378
10001619
10001901
10002232
10002621
10003078
10003615
10004245
10004985
10005853
10006873
10008071
10009478
10011130
10013070
10015347
10018022
10021163
10024851
10029182
10034267
10040239
10047251
10055486
10065155
10076510
10089843
10105500
10123886
10145475
10170827
10200597
10235555
10276605
10324808
10381412
10447881
10525932
10617586
10725212
10851593
11000000
11000001
11000002
11000003
11000004
11000005
11000006
11000008
11000009
11000011
11000013
11000015
11000018
11000021
11000024
11000029
11000034
11000040
11000047
11000055
11000065
11000076
11000089
11000105
11000123
11000145
11000170
11000200
11000235
11000276
11000324
11000381
11000447
11000525
11000617
11000725
11000851
11001000
11001174
11001378
11001619
11001901
11002232
11002621
11003078
11003615
11004245
11004985
11005853
11006873
11008071
11009478
11011130
11013070
11015347
11018022
11021163
11024851
11029182
11034267
11040239
11047251
11055486
11065155
11076510
11089843
11105500
11123886
11145475
11170827
11200597
11235555
11276605
11324808
11381412
11447881
11525932
11617586
11725212
11851593
12000000
12000001
12000002
12000003
12000004
12000005
12000006
12000008
12000009
12000011
12000013
12000015
12000018
12000021
12000024
12000029
12000034
12000040
12000047
12000055
12000065
12000076
12000089
12000105
12000123
12000145
12000170
12000200
12000235
12000276
12000324
12000381
12000447
12000525
12000617
12000725
12000851
12001000
12001174
12001378
12001619
12001901
12002232
12002621
12003078
12003615
12004245
12004985
12005853
12006873
12008071
12009478
12011130
12013070
12015347
12018022
12021163
12024851
12029182
12034267
12040239
12047251
12055486
12065155
12076510
12089843
12105500
12123886
12145475
12170827
12200597
12235555
12276605
12324808
12381412
12447881
12525932
12617586
12725212
12851593
13000000
13000001
13000002
13000003
13000004
13000005
13000006
13000008
13000009
13000011
13000013
13000015
13000018
13000021
13000024
13000029
13000034
13000040
13000047
13000055
13000065
13000076
13000089
13000105
13000123
13000145
13000170
13000200
13000235
13000276
13000324
13000381
13000447
13000525
13000617
13000725
13000851
13001000
13001174
13001378
13001619
13001901
13002232
13002621
13003078
13003615
13004245
13004985
13005853
13006873
13008071
13009478
13011130
13013070
13015347
13018022
13021163
13024851
13029182
13034267
13040239
13047251
13055486
13065155
13076510
13089843
13105500
13123886
13145475
13170827
13200597
13235555
13276605
13324808
13381412
13447881
13525932
13617586
13725212
13851593
14000000
14000001
14000002
14000003
14000004
14000005
14000006
14000008
14000009
14000011
14000013
14000015
14000018
14000021
14000024
14000029
14000034
14000040
14000047
14000055
14000065
14000076
14000089
14000105
14000123
14000145
14000170
14000200
14000235
14000276
14000324
14000381
14000447
14000525
14000617
14000725
14000851
14001000
14001174
14001378
14001619
14001901
14002232
14002621
14003078
14003615
14004245
14004985
14005853
14006873
14008071
14009478
14011130
14013070
14015347
14018022
14021163
14024851
14029182
14034267
14040239
14047251
14055486
14065155
14076510
14089843
14105500
14123886
14145475
14170827
14200597
14235555
14276605
14324808
14381412
14447881
14525932
14617586
14725212
14851593
15000000
15000001
15000002
15000003
15000004
15000005
15000006
15000008
15000009
15000011
15000013
15000015
15000018
15000021
15000024
15000029
15000034
15000040
15000047
15000055
15000065
15000076
15000089
15000105
15000123
15000145
15000170
15000200
15000235
15000276
15000324
15000381
15000447
15000525
15000617
15000725
15000851
15001000
15001174
15001378
15001619
15001901
15002232
15002621
15003078
15003615
15004245
15004985
15005853
15006873
15008071
15009478
15011130
15013070
15015347
15018022
15021163
15024851
15029182
15034267
15040239
15047251
15055486
15065155
15076510
15089843
15105500
15123886
15145475
15170827
15200597
15235555
15276605
15324808
15381412
15447881
15525932
15617586
15725212
15851593
16000000
16000001
16000002
16000003
16000004
16000005
16000006
16000008
16000009
16000011
16000013
16000015
16000018
16000021
16000024
16000029
16000034
16000040
16000047
16000055
16000065
16000076
16000089
16000105
16000123
16000145
16000170
16000200
16000235
16000276
16000324
16000381
16000447
16000525
16000617
16000725
16000851
16001000
16001174
16001378
16001619
16001901
16002232
16002621
16003078
16003615
16004245
16004985
16005853
16006873
16008071
16009478
16011130
16013070
16015347
16018022
16021163
16024851
16029182
16034267
16040239
16047251
16055486
16065155
16076510
16089843
16105500
16123886
16145475
16170827
16200597
16235555
16276605
16324808
16381412
16447881
16525932
16617586
16725212
16851593
17000000
17000001
17000002
17000003
17000004
17000005
17000006
17000008
17000009
17000011
17000013
17000015
17000018
17000021
17000024
17000029
17000034
17000040
17000047
17000055
17000065
17000076
17000089
17000105
17000123
17000145
17000170
17000200
17000235
17000276
17000324
17000381
17000447
17000525
17000617
17000725
17000851
17001000
17001174
17001378
17001619
17001901
17002232
17002621
17003078
17003615
17004245
17004985
17005853
17006873
17008071
17009478
17011130
17013070
17015347
17018022
17021163
17024851
17029182
17034267
17040239
17047251
17055486
17065155
17076510
17089843
17105500
17123886
17145475
17170827
17200597
17235555
17276605
17324808
17381412
17447881
17525932
17617586
17725212
17851593
18000000
18000001
18000002
18000003
18000004
18000005
18000006
18000008
18000009
18000011
18000013
18000015
18000018
18000021
18000024
18000029
18000034
18000040
18000047
18000055
18000065
18000076
18000089
18000105
18000123
18000145
18000170
18000200
18000235
18000276
18000324
18000381
18000447
18000525
18000617
18000725
18000851
18001000
18001174
18001378
18001619
18001901
18002232
18002621
18003078
18003615
18004245
18004985
18005853
18006873
18008071
18009478
18011130
18013070
18015347
18018022
18021163
18024851
18029182
18034267
18040239
18047251
18055486
18065155
18076510
18089843
18105500
18123886
18145475
18170827
18200597
18235555
18276605
18324808
18381412
18447881
18525932
18617586
18725212
18851593
19000000
19000001
19000002
19000003
19000004
19000005
19000006
19000008
19000009
19000011
19000013
19000015
19000018
19000021
19000024
19000029
19000034
19000040
19000047
19000055
19000065
19000076
19000089
19000105
19000123
19000145
19000170
19000200
19000235
19000276
19000324
19000381
19000447
19000525
19000617
19000725
19000851
19001000
19001174
19001378
19001619
19001901
19002232
19002621
19003078
19003615
19004245
19004985
19005853
19006873
19008071
19009478
19011130
19013070
19015347
19018022
19021163
19024851
19029182
19034267
19040239
19047251
19055486
19065155
19076510
19089843
19105500
19123886
19145475
19170827
19200597
19235555
19276605
19324808
19381412
19447881
19525932
19617586
19725212
19851593
20000000
