9000001
9000002
9000003
9000004
9000005
9000006
9000008
9000009
9000011
9000013
9000015
9000018
9000021
9000024
9000029
9000034
9000040
9000047
9000055
9000065
9000076
9000089
9000105
9000123
9000145
9000170
9000200
9000235
9000276
9000324
9000381
9000447
9000525
9000617
9000725
9000851
9001000
9001174
9001378
9001619
9001901
9002232
9002621
9003078
9003615
9004245
9004985
9005853
9006873
9008071
9009478
9011130
9013070
9015347
9018022
9021163
9024851
9029182
9034267
9040239
9047251
9055486
9065155
9076510
9089843
9105500
9123886
9145475
9170827
9200597
9235555
9276605
9324808
9381412
9447881
9525932
9617586
9725212
9851593
10000000
