5000001
5000002
5000003
5000004
5000005
5000006
5000008
5000009
5000011
5000013
5000015
5000018
5000021
5000024
5000029
5000034
5000040
5000047
5000055
5000065
5000076
5000089
5000105
5000123
5000145
5000170
5000200
5000235
5000276
5000324
5000381
5000447
5000525
5000617
5000725
5000851
5001000
5001174
5001378
5001619
5001901
5002232
5002621
5003078
5003615
5004245
5004985
5005853
5006873
5008071
5009478
5011130
5013070
5015347
5018022
5021163
5024851
5029182
5034267
5040239
5047251
5055486
5065155
5076510
5089843
5105500
5123886
5145475
5170827
5200597
5235555
5276605
5324808
5381412
5447881
5525932
5617586
5725212
5851593
6000000
