8000001
8000002
8000003
8000004
8000005
8000006
8000008
8000009
8000011
8000013
8000015
8000018
8000021
8000024
8000029
8000034
8000040
8000047
8000055
8000065
8000076
8000089
8000105
8000123
8000145
8000170
8000200
8000235
8000276
8000324
8000381
8000447
8000525
8000617
8000725
8000851
8001000
8001174
8001378
8001619
8001901
8002232
8002621
8003078
8003615
8004245
8004985
8005853
8006873
8008071
8009478
8011130
8013070
8015347
8018022
8021163
8024851
8029182
8034267
8040239
8047251
8055486
8065155
8076510
8089843
8105500
8123886
8145475
8170827
8200597
8235555
8276605
8324808
8381412
8447881
8525932
8617586
8725212
8851593
9000000
