6000001
6000002
6000003
6000004
6000005
6000006
6000008
6000009
6000011
6000013
6000015
6000018
6000021
6000024
6000029
6000034
6000040
6000047
6000055
6000065
6000076
6000089
6000105
6000123
6000145
6000170
6000200
6000235
6000276
6000324
6000381
6000447
6000525
6000617
6000725
6000851
6001000
6001174
6001378
6001619
6001901
6002232
6002621
6003078
6003615
6004245
6004985
6005853
6006873
6008071
6009478
6011130
6013070
6015347
6018022
6021163
6024851
6029182
6034267
6040239
6047251
6055486
6065155
6076510
6089843
6105500
6123886
6145475
6170827
6200597
6235555
6276605
6324808
6381412
6447881
6525932
6617586
6725212
6851593
7000000
