1
2
3
4
5
6
8
9
11
13
15
18
21
24
29
34
40
47
55
65
76
89
105
123
145
170
200
235
276
324
381
447
525
617
725
851
1000
1174
1378
1619
1901
2232
2621
3078
3615
4245
4985
5853
6873
8071
9478
11130
13070
15347
18022
21163
24851
29182
34267
40239
47251
55486
65155
76510
89843
100001
100002
100003
100004
100005
100006
100008
100009
100011
100013
100015
100018
100021
100024
100029
100034
100040
100047
100055
100065
100076
100089
100105
100123
100145
100170
100200
100235
100276
100324
100381
100447
100525
100617
100725
100851
101000
101174
101378
101619
101901
102232
102621
103078
103615
104245
104985
105500
105853
106873
108071
109478
111130
113070
115347
118022
121163
123886
124851
129182
134267
140239
145475
147251
155486
165155
170827
176510
189843
200001
200002
200003
200004
200005
200006
200008
200009
200011
200013
200015
200018
200021
200024
200029
200034
200040
200047
200055
200065
200076
200089
200105
200123
200145
200170
200200
200235
200276
200324
200381
200447
200525
200597
200617
200725
200851
201000
201174
201378
201619
201901
202232
202621
203078
203615
204245
204985
205500
205853
206873
208071
209478
211130
213070
215347
218022
221163
223886
224851
229182
234267
235555
240239
245475
247251
255486
265155
270827
276510
276605
289843
300001
300002
300003
300004
300005
300006
300008
300009
300011
300013
300015
300018
300021
300024
300029
300034
300040
300047
300055
300065
300076
300089
300105
300123
300145
300170
300200
300235
300276
300324
300381
300447
300525
300597
300617
300725
300851
301000
301174
301378
301619
301901
302232
302621
303078
303615
304245
304985
305500
305853
306873
308071
309478
311130
313070
315347
318022
321163
323886
324808
324851
329182
334267
335555
340239
345475
347251
355486
365155
370827
376510
376605
381412
389843
400001
400002
400003
400004
400005
400006
400008
400009
400011
400013
400015
400018
400021
400024
400029
400034
400040
400047
400055
400065
400076
400089
400105
400123
400145
400170
400200
400235
400276
400324
400381
400447
400525
400597
400617
400725
400851
401000
401174
401378
401619
401901
402232
402621
403078
403615
404245
404985
405500
405853
406873
408071
409478
411130
413070
415347
418022
421163
423886
424808
424851
429182
434267
435555
440239
445475
447251
447881
455486
465155
470827
476510
476605
481412
489843
500001
500002
500003
500004
500005
500006
500008
500009
500011
500013
500015
500018
500021
500024
500029
500034
500040
500047
500055
500065
500076
500089
500105
500123
500145
500170
500200
500235
500276
500324
500381
500447
500525
500597
500617
500725
500851
501000
501174
501378
501619
501901
502232
502621
503078
503615
504245
504985
505500
505853
506873
508071
509478
511130
513070
515347
518022
521163
523886
524808
524851
525932
529182
534267
535555
540239
545475
547251
547881
555486
565155
570827
576510
576605
581412
589843
600001
600002
600003
600004
600005
600006
600008
600009
600011
600013
600015
600018
600021
600024
600029
600034
600040
600047
600055
600065
600076
600089
600105
600123
600145
600170
600200
600235
600276
600324
600381
600447
600525
600597
600617
600725
600851
601000
601174
601378
601619
601901
602232
602621
603078
603615
604245
604985
605500
605853
606873
608071
609478
611130
613070
615347
617586
618022
621163
623886
624808
624851
625932
629182
634267
635555
640239
645475
647251
647881
655486
665155
670827
676510
676605
681412
689843
700001
700002
700003
700004
700005
700006
700008
700009
700011
700013
700015
700018
700021
700024
700029
700034
700040
700047
700055
700065
700076
700089
700105
700123
700145
700170
700200
700235
700276
700324
700381
700447
700525
700597
700617
700725
700851
701000
701174
701378
701619
701901
702232
702621
703078
703615
704245
704985
705500
705853
706873
708071
709478
711130
713070
715347
717586
718022
721163
723886
724808
724851
725212
725932
729182
734267
735555
740239
745475
747251
747881
755486
765155
770827
776510
776605
781412
789843
800001
800002
800003
800004
800005
800006
800008
800009
800011
800013
800015
800018
800021
800024
800029
800034
800040
800047
800055
800065
800076
800089
800105
800123
800145
800170
800200
800235
800276
800324
800381
800447
800525
800597
800617
800725
800851
801000
801174
801378
801619
801901
802232
802621
803078
803615
804245
804985
805500
805853
806873
808071
809478
811130
813070
815347
817586
818022
821163
823886
824808
824851
825212
825932
829182
834267
835555
840239
845475
847251
847881
851593
855486
865155
870827
876510
876605
881412
889843
900001
900002
900003
900004
900005
900006
900008
900009
900011
900013
900015
900018
900021
900024
900029
900034
900040
900047
900055
900065
900076
900089
900105
900123
900145
900170
900200
900235
900276
900324
900381
900447
900525
900597
900617
900725
900851
901000
901174
901378
901619
901901
902232
902621
903078
903615
904245
904985
905500
905853
906873
908071
909478
911130
913070
915347
917586
918022
921163
923886
924808
924851
925212
925932
929182
934267
935555
940239
945475
947251
947881
951593
955486
965155
970827
976510
976605
981412
989843
1000000
1000001
1000002
1000003
1000004
1000005
1000006
1000008
1000009
1000011
1000013
1000015
1000018
1000021
1000024
1000029
1000034
1000040
1000047
1000055
1000065
1000076
1000089
1000105
1000123
1000145
1000170
1000200
1000235
1000276
1000324
1000381
1000447
1000525
1000597
1000617
1000725
1000851
1001000
1001174
1001378
1001619
1001901
1002232
1002621
1003078
1003615
1004245
1004985
1005500
1005853
1006873
1008071
1009478
1011130
1013070
1015347
1017586
1018022
1021163
1023886
1024808
1024851
1025212
1025932
1029182
1034267
1035555
1040239
1045475
1047251
1047881
1051593
1055486
1065155
1070827
1076510
1076605
1081412
1089843
1100000
1100001
1100002
1100003
1100004
1100005
1100006
1100008
1100009
1100011
1100013
1100015
1100018
1100021
1100024
1100029
1100034
1100040
1100047
1100055
1100065
1100076
1100089
1100105
1100123
1100145
1100170
1100200
1100235
1100276
1100324
1100381
1100447
1100525
1100597
1100617
1100725
1100851
1101000
1101174
1101378
1101619
1101901
1102232
1102621
1103078
1103615
1104245
1104985
1105500
1105853
1106873
1108071
1109478
1111130
1113070
1115347
1117586
1118022
1121163
1123886
1124808
1124851
1125212
1125932
1129182
1134267
1135555
1140239
1145475
1147251
1147881
1151593
1155486
1165155
1170827
1176510
1176605
1181412
1189843
1200000
1200001
1200002
1200003
1200004
1200005
1200006
1200008
1200009
1200011
1200013
1200015
1200018
1200021
1200024
1200029
1200034
1200040
1200047
1200055
1200065
1200076
1200089
1200105
1200123
1200145
1200170
1200200
1200235
1200276
1200324
1200381
1200447
1200525
1200597
1200617
1200725
1200851
1201000
1201174
1201378
1201619
1201901
1202232
1202621
1203078
1203615
1204245
1204985
1205500
1205853
1206873
1208071
1209478
1211130
1213070
1215347
1217586
1218022
1221163
1223886
1224808
1224851
1225212
1225932
1229182
1234267
1235555
1240239
1245475
1247251
1247881
1251593
1255486
1265155
1270827
1276510
1276605
1281412
1289843
1300000
1300001
1300002
1300003
1300004
1300005
1300006
1300008
1300009
1300011
1300013
1300015
1300018
1300021
1300024
1300029
1300034
1300040
1300047
1300055
1300065
1300076
1300089
1300105
1300123
1300145
1300170
1300200
1300235
1300276
1300324
1300381
1300447
1300525
1300597
1300617
1300725
1300851
1301000
1301174
1301378
1301619
1301901
1302232
1302621
1303078
1303615
1304245
1304985
1305500
1305853
1306873
1308071
1309478
1311130
1313070
1315347
1317586
1318022
1321163
1323886
1324808
1324851
1325212
1325932
1329182
1334267
1335555
1340239
1345475
1347251
1347881
1351593
1355486
1365155
1370827
1376510
1376605
1381412
1389843
1400000
1400001
1400002
1400003
1400004
1400005
1400006
1400008
1400009
1400011
1400013
1400015
1400018
1400021
1400024
1400029
1400034
1400040
1400047
1400055
1400065
1400076
1400089
1400105
1400123
1400145
1400170
1400200
1400235
1400276
1400324
1400381
1400447
1400525
1400597
1400617
1400725
1400851
1401000
1401174
1401378
1401619
1401901
1402232
1402621
1403078
1403615
1404245
1404985
1405500
1405853
1406873
1408071
1409478
1411130
1413070
1415347
1417586
1418022
1421163
1423886
1424808
1424851
1425212
1425932
1429182
1434267
1435555
1440239
1445475
1447251
1447881
1451593
1455486
1465155
1470827
1476510
1476605
1481412
1489843
1500000
1500001
1500002
1500003
1500004
1500005
1500006
1500008
1500009
1500011
1500013
1500015
1500018
1500021
1500024
1500029
1500034
1500040
1500047
1500055
1500065
1500076
1500089
1500105
1500123
1500145
1500170
1500200
1500235
1500276
1500324
1500381
1500447
1500525
1500597
1500617
1500725
1500851
1501000
1501174
1501378
1501619
1501901
1502232
1502621
1503078
1503615
1504245
1504985
1505500
1505853
1506873
1508071
1509478
1511130
1513070
1515347
1517586
1518022
1521163
1523886
1524808
1524851
1525212
1525932
1529182
1534267
1535555
1540239
1545475
1547251
1547881
1551593
1555486
1565155
1570827
1576510
1576605
1581412
1589843
1600000
1600001
1600002
1600003
1600004
1600005
1600006
1600008
1600009
1600011
1600013
1600015
1600018
1600021
1600024
1600029
1600034
1600040
1600047
1600055
1600065
1600076
1600089
1600105
1600123
1600145
1600170
1600200
1600235
1600276
1600324
1600381
1600447
1600525
1600597
1600617
1600725
1600851
1601000
1601174
1601378
1601619
1601901
1602232
1602621
1603078
1603615
1604245
1604985
1605500
1605853
1606873
1608071
1609478
1611130
1613070
1615347
1617586
1618022
1621163
1623886
1624808
1624851
1625212
1625932
1629182
1634267
1635555
1640239
1645475
1647251
1647881
1651593
1655486
1665155
1670827
1676510
1676605
1681412
1689843
1700000
1700001
1700002
1700003
1700004
1700005
1700006
1700008
1700009
1700011
1700013
1700015
1700018
1700021
1700024
1700029
1700034
1700040
1700047
1700055
1700065
1700076
1700089
1700105
1700123
1700145
1700170
1700200
1700235
1700276
1700324
1700381
1700447
1700525
1700597
1700617
1700725
1700851
1701000
1701174
1701378
1701619
1701901
1702232
1702621
1703078
1703615
1704245
1704985
1705500
1705853
1706873
1708071
1709478
1711130
1713070
1715347
1717586
1718022
1721163
1723886
1724808
1724851
1725212
1725932
1729182
1734267
1735555
1740239
1745475
1747251
1747881
1751593
1755486
1765155
1770827
1776510
1776605
1781412
1789843
1800000
1800001
1800002
1800003
1800004
1800005
1800006
1800008
1800009
1800011
1800013
1800015
1800018
1800021
1800024
1800029
1800034
1800040
1800047
1800055
1800065
1800076
1800089
1800105
1800123
1800145
1800170
1800200
1800235
1800276
1800324
1800381
1800447
1800525
1800597
1800617
1800725
1800851
1801000
1801174
1801378
1801619
1801901
1802232
1802621
1803078
1803615
1804245
1804985
1805500
1805853
1806873
1808071
1809478
1811130
1813070
1815347
1817586
1818022
1821163
1823886
1824808
1824851
1825212
1825932
1829182
1834267
1835555
1840239
1845475
1847251
1847881
1851593
1855486
1865155
1870827
1876510
1876605
1881412
1889843
1900000
1900001
1900002
1900003
1900004
1900005
1900006
1900008
1900009
1900011
1900013
1900015
1900018
1900021
1900024
1900029
1900034
1900040
1900047
1900055
1900065
1900076
1900089
1900105
1900123
1900145
1900170
1900200
1900235
1900276
1900324
1900381
1900447
1900525
1900597
1900617
1900725
1900851
1901000
1901174
1901378
1901619
1901901
1902232
1902621
1903078
1903615
1904245
1904985
1905500
1905853
1906873
1908071
1909478
1911130
1913070
1915347
1917586
1918022
1921163
1923886
1924808
1924851
1925212
1925932
1929182
1934267
1935555
1940239
1945475
1947251
1947881
1951593
1955486
1965155
1970827
1976510
1976605
1981412
1989843
2000000
2000001
2000002
2000003
2000004
2000005
2000006
2000008
2000009
2000011
2000013
2000015
2000018
2000021
2000024
2000029
2000034
2000040
2000047
2000055
2000065
2000076
2000089
2000105
2000123
2000145
2000170
2000200
2000235
2000276
2000324
2000381
2000447
2000525
2000597
2000617
2000725
2000851
2001000
2001174
2001378
2001619
2001901
2002232
2002621
2003078
2003615
2004245
2004985
2005500
2005853
2006873
2008071
2009478
2011130
2013070
2015347
2017586
2018022
2021163
2023886
2024808
2024851
2025212
2025932
2029182
2034267
2035555
2040239
2045475
2047251
2047881
2051593
2055486
2065155
2070827
2076510
2076605
2081412
2089843
2100000
2100001
2100002
2100003
2100004
2100005
2100006
2100008
2100009
2100011
2100013
2100015
2100018
2100021
2100024
2100029
2100034
2100040
2100047
2100055
2100065
2100076
2100089
2100105
2100123
2100145
2100170
2100200
2100235
2100276
2100324
2100381
2100447
2100525
2100597
2100617
2100725
2100851
2101000
2101174
2101378
2101619
2101901
2102232
2102621
2103078
2103615
2104245
2104985
2105500
2105853
2106873
2108071
2109478
2111130
2113070
2115347
2117586
2118022
2121163
2123886
2124808
2124851
2125212
2125932
2129182
2134267
2135555
2140239
2145475
2147251
2147881
2151593
2155486
2165155
2170827
2176510
2176605
2181412
2189843
2200000
2200001
2200002
2200003
2200004
2200005
2200006
2200008
2200009
2200011
2200013
2200015
2200018
2200021
2200024
2200029
2200034
2200040
2200047
2200055
2200065
2200076
2200089
2200105
2200123
2200145
2200170
2200200
2200235
2200276
2200324
2200381
2200447
2200525
2200597
2200617
2200725
2200851
2201000
2201174
2201378
2201619
2201901
2202232
2202621
2203078
2203615
2204245
2204985
2205500
2205853
2206873
2208071
2209478
2211130
2213070
2215347
2217586
2218022
2221163
2223886
2224808
2224851
2225212
2225932
2229182
2234267
2235555
2240239
2245475
2247251
2247881
2251593
2255486
2265155
2270827
2276510
2276605
2281412
2289843
2300000
2300001
2300002
2300003
2300004
2300005
2300006
2300008
2300009
2300011
2300013
2300015
2300018
2300021
2300024
2300029
2300034
2300040
2300047
2300055
2300065
2300076
2300089
2300105
2300123
2300145
2300170
2300200
2300235
2300276
2300324
2300381
2300447
2300525
2300597
2300617
2300725
2300851
2301000
2301174
2301378
2301619
2301901
2302232
2302621
2303078
2303615
2304245
2304985
2305500
2305853
2306873
2308071
2309478
2311130
2313070
2315347
2317586
2318022
2321163
2323886
2324808
2324851
2325212
2325932
2329182
2334267
2335555
2340239
2345475
2347251
2347881
2351593
2355486
2365155
2370827
2376510
2376605
2381412
2389843
2400000
2400001
2400002
2400003
2400004
2400005
2400006
2400008
2400009
2400011
2400013
2400015
2400018
2400021
2400024
2400029
2400034
2400040
2400047
2400055
2400065
2400076
2400089
2400105
2400123
2400145
2400170
2400200
2400235
2400276
2400324
2400381
2400447
2400525
2400597
2400617
2400725
2400851
2401000
2401174
2401378
2401619
2401901
2402232
2402621
2403078
2403615
2404245
2404985
2405500
2405853
2406873
2408071
2409478
2411130
2413070
2415347
2417586
2418022
2421163
2423886
2424808
2424851
2425212
2425932
2429182
2434267
2435555
2440239
2445475
2447251
2447881
2451593
2455486
2465155
2470827
2476510
2476605
2481412
2489843
2500000
2500001
2500002
2500003
2500004
2500005
2500006
2500008
2500009
2500011
2500013
2500015
2500018
2500021
2500024
2500029
2500034
2500040
2500047
2500055
2500065
2500076
2500089
2500105
2500123
2500145
2500170
2500200
2500235
2500276
2500324
2500381
2500447
2500525
2500597
2500617
2500725
2500851
2501000
2501174
2501378
2501619
2501901
2502232
2502621
2503078
2503615
2504245
2504985
2505500
2505853
2506873
2508071
2509478
2511130
2513070
2515347
2517586
2518022
2521163
2523886
2524808
2524851
2525212
2525932
2529182
2534267
2535555
2540239
2545475
2547251
2547881
2551593
2555486
2565155
2570827
2576510
2576605
2581412
2589843
2600000
2600001
2600002
2600003
2600004
2600005
2600006
2600008
2600009
2600011
2600013
2600015
2600018
2600021
2600024
2600029
2600034
2600040
2600047
2600055
2600065
2600076
2600089
2600105
2600123
2600145
2600170
2600200
2600235
2600276
2600324
2600381
2600447
2600525
2600597
2600617
2600725
2600851
2601000
2601174
2601378
2601619
2601901
2602232
2602621
2603078
2603615
2604245
2604985
2605500
2605853
2606873
2608071
2609478
2611130
2613070
2615347
2617586
2618022
2621163
2623886
2624808
2624851
2625212
2625932
2629182
2634267
2635555
2640239
2645475
2647251
2647881
2651593
2655486
2665155
2670827
2676510
2676605
2681412
2689843
2700000
2700001
2700002
2700003
2700004
2700005
2700006
2700008
2700009
2700011
2700013
2700015
2700018
2700021
2700024
2700029
2700034
2700040
2700047
2700055
2700065
2700076
2700089
2700105
2700123
2700145
2700170
2700200
2700235
2700276
2700324
2700381
2700447
2700525
2700597
2700617
2700725
2700851
2701000
2701174
2701378
2701619
2701901
2702232
2702621
2703078
2703615
2704245
2704985
2705500
2705853
2706873
2708071
2709478
2711130
2713070
2715347
2717586
2718022
2721163
2723886
2724808
2724851
2725212
2725932
2729182
2734267
2735555
2740239
2745475
2747251
2747881
2751593
2755486
2765155
2770827
2776510
2776605
2781412
2789843
2800000
2800001
2800002
2800003
2800004
2800005
2800006
2800008
2800009
2800011
2800013
2800015
2800018
2800021
2800024
2800029
2800034
2800040
2800047
2800055
2800065
2800076
2800089
2800105
2800123
2800145
2800170
2800200
2800235
2800276
2800324
2800381
2800447
2800525
2800597
2800617
2800725
2800851
2801000
2801174
2801378
2801619
2801901
2802232
2802621
2803078
2803615
2804245
2804985
2805500
2805853
2806873
2808071
2809478
2811130
2813070
2815347
2817586
2818022
2821163
2823886
2824808
2824851
2825212
2825932
2829182
2834267
2835555
2840239
2845475
2847251
2847881
2851593
2855486
2865155
2870827
2876510
2876605
2881412
2889843
2900000
2900001
2900002
2900003
2900004
2900005
2900006
2900008
2900009
2900011
2900013
2900015
2900018
2900021
2900024
2900029
2900034
2900040
2900047
2900055
2900065
2900076
2900089
2900105
2900123
2900145
2900170
2900200
2900235
2900276
2900324
2900381
2900447
2900525
2900597
2900617
2900725
2900851
2901000
2901174
2901378
2901619
2901901
2902232
2902621
2903078
2903615
2904245
2904985
2905500
2905853
2906873
2908071
2909478
2911130
2913070
2915347
2917586
2918022
2921163
2923886
2924808
2924851
2925212
2925932
2929182
2934267
2935555
2940239
2945475
2947251
2947881
2951593
2955486
2965155
2970827
2976510
2976605
2981412
2989843
3000000
3000001
3000002
3000003
3000004
3000005
3000006
3000008
3000009
3000011
3000013
3000015
3000018
3000021
3000024
3000029
3000034
3000040
3000047
3000055
3000065
3000076
3000089
3000105
3000123
3000145
3000170
3000200
3000235
3000276
3000324
3000381
3000447
3000525
3000597
3000617
3000725
3000851
3001000
3001174
3001378
3001619
3001901
3002232
3002621
3003078
3003615
3004245
3004985
3005500
3005853
3006873
3008071
3009478
3011130
3013070
3015347
3017586
3018022
3021163
3023886
3024808
3024851
3025212
3025932
3029182
3034267
3035555
3040239
3045475
3047251
3047881
3051593
3055486
3065155
3070827
3076510
3076605
3081412
3089843
3100000
3100001
3100002
3100003
3100004
3100005
3100006
3100008
3100009
3100011
3100013
3100015
3100018
3100021
3100024
3100029
3100034
3100040
3100047
3100055
3100065
3100076
3100089
3100105
3100123
3100145
3100170
3100200
3100235
3100276
3100324
3100381
3100447
3100525
3100597
3100617
3100725
3100851
3101000
3101174
3101378
3101619
3101901
3102232
3102621
3103078
3103615
3104245
3104985
3105500
3105853
3106873
3108071
3109478
3111130
3113070
3115347
3117586
3118022
3121163
3123886
3124808
3124851
3125212
3125932
3129182
3134267
3135555
3140239
3145475
3147251
3147881
3151593
3155486
3165155
3170827
3176510
3176605
3181412
3189843
3200000
3200001
3200002
3200003
3200004
3200005
3200006
3200008
3200009
3200011
3200013
3200015
3200018
3200021
3200024
3200029
3200034
3200040
3200047
3200055
3200065
3200076
3200089
3200105
3200123
3200145
3200170
3200200
3200235
3200276
3200324
3200381
3200447
3200525
3200597
3200617
3200725
3200851
3201000
3201174
3201378
3201619
3201901
3202232
3202621
3203078
3203615
3204245
3204985
3205500
3205853
3206873
3208071
3209478
3211130
3213070
3215347
3217586
3218022
3221163
3223886
3224808
3224851
3225212
3225932
3229182
3234267
3235555
3240239
3245475
3247251
3247881
3251593
3255486
3265155
3270827
3276510
3276605
3281412
3289843
3300000
3300001
3300002
3300003
3300004
3300005
3300006
3300008
3300009
3300011
3300013
3300015
3300018
3300021
3300024
3300029
3300034
3300040
3300047
3300055
3300065
3300076
3300089
3300105
3300123
3300145
3300170
3300200
3300235
3300276
3300324
3300381
3300447
3300525
3300597
3300617
3300725
3300851
3301000
3301174
3301378
3301619
3301901
3302232
3302621
3303078
3303615
3304245
3304985
3305500
3305853
3306873
3308071
3309478
3311130
3313070
3315347
3317586
3318022
3321163
3323886
3324808
3324851
3325212
3325932
3329182
3334267
3335555
3340239
3345475
3347251
3347881
3351593
3355486
3365155
3370827
3376510
3376605
3381412
3389843
3400000
3400001
3400002
3400003
3400004
3400005
3400006
3400008
3400009
3400011
3400013
3400015
3400018
3400021
3400024
3400029
3400034
3400040
3400047
3400055
3400065
3400076
3400089
3400105
3400123
3400145
3400170
3400200
3400235
3400276
3400324
3400381
3400447
3400525
3400597
3400617
3400725
3400851
3401000
3401174
3401378
3401619
3401901
3402232
3402621
3403078
3403615
3404245
3404985
3405500
3405853
3406873
3408071
3409478
3411130
3413070
3415347
3417586
3418022
3421163
3423886
3424808
3424851
3425212
3425932
3429182
3434267
3435555
3440239
3445475
3447251
3447881
3451593
3455486
3465155
3470827
3476510
3476605
3481412
3489843
3500000
3500001
3500002
3500003
3500004
3500005
3500006
3500008
3500009
3500011
3500013
3500015
3500018
3500021
3500024
3500029
3500034
3500040
3500047
3500055
3500065
3500076
3500089
3500105
3500123
3500145
3500170
3500200
3500235
3500276
3500324
3500381
3500447
3500525
3500597
3500617
3500725
3500851
3501000
3501174
3501378
3501619
3501901
3502232
3502621
3503078
3503615
3504245
3504985
3505500
3505853
3506873
3508071
3509478
3511130
3513070
3515347
3517586
3518022
3521163
3523886
3524808
3524851
3525212
3525932
3529182
3534267
3535555
3540239
3545475
3547251
3547881
3551593
3555486
3565155
3570827
3576510
3576605
3581412
3589843
3600000
3600001
3600002
3600003
3600004
3600005
3600006
3600008
3600009
3600011
3600013
3600015
3600018
3600021
3600024
3600029
3600034
3600040
3600047
3600055
3600065
3600076
3600089
3600105
3600123
3600145
3600170
3600200
3600235
3600276
3600324
3600381
3600447
3600525
3600597
3600617
3600725
3600851
3601000
3601174
3601378
3601619
3601901
3602232
3602621
3603078
3603615
3604245
3604985
3605500
3605853
3606873
3608071
3609478
3611130
3613070
3615347
3617586
3618022
3621163
3623886
3624808
3624851
3625212
3625932
3629182
3634267
3635555
3640239
3645475
3647251
3647881
3651593
3655486
3665155
3670827
3676510
3676605
3681412
3689843
3700000
3700001
3700002
3700003
3700004
3700005
3700006
3700008
3700009
3700011
3700013
3700015
3700018
3700021
3700024
3700029
3700034
3700040
3700047
3700055
3700065
3700076
3700089
3700105
3700123
3700145
3700170
3700200
3700235
3700276
3700324
3700381
3700447
3700525
3700597
3700617
3700725
3700851
3701000
3701174
3701378
3701619
3701901
3702232
3702621
3703078
3703615
3704245
3704985
3705500
3705853
3706873
3708071
3709478
3711130
3713070
3715347
3717586
3718022
3721163
3723886
3724808
3724851
3725212
3725932
3729182
3734267
3735555
3740239
3745475
3747251
3747881
3751593
3755486
3765155
3770827
3776510
3776605
3781412
3789843
3800000
3800001
3800002
3800003
3800004
3800005
3800006
3800008
3800009
3800011
3800013
3800015
3800018
3800021
3800024
3800029
3800034
3800040
3800047
3800055
3800065
3800076
3800089
3800105
3800123
3800145
3800170
3800200
3800235
3800276
3800324
3800381
3800447
3800525
3800597
3800617
3800725
3800851
3801000
3801174
3801378
3801619
3801901
3802232
3802621
3803078
3803615
3804245
3804985
3805500
3805853
3806873
3808071
3809478
3811130
3813070
3815347
3817586
3818022
3821163
3823886
3824808
3824851
3825212
3825932
3829182
3834267
3835555
3840239
3845475
3847251
3847881
3851593
3855486
3865155
3870827
3876510
3876605
3881412
3889843
3900000
3900001
3900002
3900003
3900004
3900005
3900006
3900008
3900009
3900011
3900013
3900015
3900018
3900021
3900024
3900029
3900034
3900040
3900047
3900055
3900065
3900076
3900089
3900105
3900123
3900145
3900170
3900200
3900235
3900276
3900324
3900381
3900447
3900525
3900597
3900617
3900725
3900851
3901000
3901174
3901378
3901619
3901901
3902232
3902621
3903078
3903615
3904245
3904985
3905500
3905853
3906873
3908071
3909478
3911130
3913070
3915347
3917586
3918022
3921163
3923886
3924808
3924851
3925212
3925932
3929182
3934267
3935555
3940239
3945475
3947251
3947881
3951593
3955486
3965155
3970827
3976510
3976605
3981412
3989843
4000000
4000001
4000002
4000003
4000004
4000005
4000006
4000008
4000009
4000011
4000013
4000015
4000018
4000021
4000024
4000029
4000034
4000040
4000047
4000055
4000065
4000076
4000089
4000105
4000123
4000145
4000170
4000200
4000235
4000276
4000324
4000381
4000447
4000525
4000597
4000617
4000725
4000851
4001000
4001174
4001378
4001619
4001901
4002232
4002621
4003078
4003615
4004245
4004985
4005500
4005853
4006873
4008071
4009478
4011130
4013070
4015347
4017586
4018022
4021163
4023886
4024808
4024851
4025212
4025932
4029182
4034267
4035555
4040239
4045475
4047251
4047881
4051593
4055486
4065155
4070827
4076510
4076605
4081412
4089843
4100000
4100001
4100002
4100003
4100004
4100005
4100006
4100008
4100009
4100011
4100013
4100015
4100018
4100021
4100024
4100029
4100034
4100040
4100047
4100055
4100065
4100076
4100089
4100105
4100123
4100145
4100170
4100200
4100235
4100276
4100324
4100381
4100447
4100525
4100597
4100617
4100725
4100851
4101000
4101174
4101378
4101619
4101901
4102232
4102621
4103078
4103615
4104245
4104985
4105500
4105853
4106873
4108071
4109478
4111130
4113070
4115347
4117586
4118022
4121163
4123886
4124808
4124851
4125212
4125932
4129182
4134267
4135555
4140239
4145475
4147251
4147881
4151593
4155486
4165155
4170827
4176510
4176605
4181412
4189843
4200000
4200001
4200002
4200003
4200004
4200005
4200006
4200008
4200009
4200011
4200013
4200015
4200018
4200021
4200024
4200029
4200034
4200040
4200047
4200055
4200065
4200076
4200089
4200105
4200123
4200145
4200170
4200200
4200235
4200276
4200324
4200381
4200447
4200525
4200597
4200617
4200725
4200851
4201000
4201174
4201378
4201619
4201901
4202232
4202621
4203078
4203615
4204245
4204985
4205500
4205853
4206873
4208071
4209478
4211130
4213070
4215347
4217586
4218022
4221163
4223886
4224808
4224851
4225212
4225932
4229182
4234267
4235555
4240239
4245475
4247251
4247881
4251593
4255486
4265155
4270827
4276510
4276605
4281412
4289843
4300000
4300001
4300002
4300003
4300004
4300005
4300006
4300008
4300009
4300011
4300013
4300015
4300018
4300021
4300024
4300029
4300034
4300040
4300047
4300055
4300065
4300076
4300089
4300105
4300123
4300145
4300170
4300200
4300235
4300276
4300324
4300381
4300447
4300525
4300597
4300617
4300725
4300851
4301000
4301174
4301378
4301619
4301901
4302232
4302621
4303078
4303615
4304245
4304985
4305500
4305853
4306873
4308071
4309478
4311130
4313070
4315347
4317586
4318022
4321163
4323886
4324808
4324851
4325212
4325932
4329182
4334267
4335555
4340239
4345475
4347251
4347881
4351593
4355486
4365155
4370827
4376510
4376605
4381412
4389843
4400000
4400001
4400002
4400003
4400004
4400005
4400006
4400008
4400009
4400011
4400013
4400015
4400018
4400021
4400024
4400029
4400034
4400040
4400047
4400055
4400065
4400076
4400089
4400105
4400123
4400145
4400170
4400200
4400235
4400276
4400324
4400381
4400447
4400525
4400597
4400617
4400725
4400851
4401000
4401174
4401378
4401619
4401901
4402232
4402621
4403078
4403615
4404245
4404985
4405500
4405853
4406873
4408071
4409478
4411130
4413070
4415347
4417586
4418022
4421163
4423886
4424808
4424851
4425212
4425932
4429182
4434267
4435555
4440239
4445475
4447251
4447881
4451593
4455486
4465155
4470827
4476510
4476605
4481412
4489843
4500000
4500001
4500002
4500003
4500004
4500005
4500006
4500008
4500009
4500011
4500013
4500015
4500018
4500021
4500024
4500029
4500034
4500040
4500047
4500055
4500065
4500076
4500089
4500105
4500123
4500145
4500170
4500200
4500235
4500276
4500324
4500381
4500447
4500525
4500597
4500617
4500725
4500851
4501000
4501174
4501378
4501619
4501901
4502232
4502621
4503078
4503615
4504245
4504985
4505500
4505853
4506873
4508071
4509478
4511130
4513070
4515347
4517586
4518022
4521163
4523886
4524808
4524851
4525212
4525932
4529182
4534267
4535555
4540239
4545475
4547251
4547881
4551593
4555486
4565155
4570827
4576510
4576605
4581412
4589843
4600000
4600001
4600002
4600003
4600004
4600005
4600006
4600008
4600009
4600011
4600013
4600015
4600018
4600021
4600024
4600029
4600034
4600040
4600047
4600055
4600065
4600076
4600089
4600105
4600123
4600145
4600170
4600200
4600235
4600276
4600324
4600381
4600447
4600525
4600597
4600617
4600725
4600851
4601000
4601174
4601378
4601619
4601901
4602232
4602621
4603078
4603615
4604245
4604985
4605500
4605853
4606873
4608071
4609478
4611130
4613070
4615347
4617586
4618022
4621163
4623886
4624808
4624851
4625212
4625932
4629182
4634267
4635555
4640239
4645475
4647251
4647881
4651593
4655486
4665155
4670827
4676510
4676605
4681412
4689843
4700000
4700001
4700002
4700003
4700004
4700005
4700006
4700008
4700009
4700011
4700013
4700015
4700018
4700021
4700024
4700029
4700034
4700040
4700047
4700055
4700065
4700076
4700089
4700105
4700123
4700145
4700170
4700200
4700235
4700276
4700324
4700381
4700447
4700525
4700597
4700617
4700725
4700851
4701000
4701174
4701378
4701619
4701901
4702232
4702621
4703078
4703615
4704245
4704985
4705500
4705853
4706873
4708071
4709478
4711130
4713070
4715347
4717586
4718022
4721163
4723886
4724808
4724851
4725212
4725932
4729182
4734267
4735555
4740239
4745475
4747251
4747881
4751593
4755486
4765155
4770827
4776510
4776605
4781412
4789843
4800000
4800001
4800002
4800003
4800004
4800005
4800006
4800008
4800009
4800011
4800013
4800015
4800018
4800021
4800024
4800029
4800034
4800040
4800047
4800055
4800065
4800076
4800089
4800105
4800123
4800145
4800170
4800200
4800235
4800276
4800324
4800381
4800447
4800525
4800597
4800617
4800725
4800851
4801000
4801174
4801378
4801619
4801901
4802232
4802621
4803078
4803615
4804245
4804985
4805500
4805853
4806873
4808071
4809478
4811130
4813070
4815347
4817586
4818022
4821163
4823886
4824808
4824851
4825212
4825932
4829182
4834267
4835555
4840239
4845475
4847251
4847881
4851593
4855486
4865155
4870827
4876510
4876605
4881412
4889843
4900000
4900001
4900002
4900003
4900004
4900005
4900006
4900008
4900009
4900011
4900013
4900015
4900018
4900021
4900024
4900029
4900034
4900040
4900047
4900055
4900065
4900076
4900089
4900105
4900123
4900145
4900170
4900200
4900235
4900276
4900324
4900381
4900447
4900525
4900597
4900617
4900725
4900851
4901000
4901174
4901378
4901619
4901901
4902232
4902621
4903078
4903615
4904245
4904985
4905500
4905853
4906873
4908071
4909478
4911130
4913070
4915347
4917586
4918022
4921163
4923886
4924808
4924851
4925212
4925932
4929182
4934267
4935555
4940239
4945475
4947251
4947881
4951593
4955486
4965155
4970827
4976510
4976605
4981412
4989843
5000000
5000597
5005500
5017586
5023886
5024808
5025212
5025932
5035555
5045475
5047881
5051593
5070827
5076605
5081412
5100000
5100597
5117586
5124808
5125212
5125932
5135555
5147881
5151593
5176605
5181412
5200000
5217586
5224808
5225212
5225932
5247881
5251593
5281412
5300000
5317586
5325212
5325932
5347881
5351593
5400000
5417586
5425212
5425932
5451593
5500000
5517586
5525212
5551593
5600000
5625212
5651593
5700000
5751593
5800000
5900000
