3300001
3300002
3300003
3300004
3300005
3300006
3300008
3300009
3300011
3300013
3300015
3300018
3300021
3300024
3300029
3300034
3300040
3300047
3300055
3300065
3300076
3300089
3300105
3300123
3300145
3300170
3300200
3300235
3300276
3300324
3300381
3300447
3300525
3300617
3300725
3300851
3301000
3301174
3301378
3301619
3301901
3302232
3302621
3303078
3303615
3304245
3304985
3305853
3306873
3308071
3309478
3311130
3313070
3315347
3318022
3321163
3324851
3329182
3334267
3340239
3347251
3355486
3365155
3376510
3389843
3405500
3423886
3445475
3470827
3500597
3535555
3576605
3624808
3681412
3747881
3825932
3917586
4025212
4151593
4300000
