500001
500002
500003
500004
500005
500006
500008
500009
500011
500013
500015
500018
500021
500024
500029
500034
500040
500047
500055
500065
500076
500089
500105
500123
500145
500170
500200
500235
500276
500324
500381
500447
500525
500617
500725
500851
501000
501174
501378
501619
501901
502232
502621
503078
503615
504245
504985
505853
506873
508071
509478
511130
513070
515347
518022
521163
524851
529182
534267
540239
547251
555486
565155
576510
589843
605500
623886
645475
670827
700597
735555
776605
824808
881412
947881
1025932
1117586
1225212
1351593
1500000
