3700001
3700002
3700003
3700004
3700005
3700006
3700008
3700009
3700011
3700013
3700015
3700018
3700021
3700024
3700029
3700034
3700040
3700047
3700055
3700065
3700076
3700089
3700105
3700123
3700145
3700170
3700200
3700235
3700276
3700324
3700381
3700447
3700525
3700617
3700725
3700851
3701000
3701174
3701378
3701619
3701901
3702232
3702621
3703078
3703615
3704245
3704985
3705853
3706873
3708071
3709478
3711130
3713070
3715347
3718022
3721163
3724851
3729182
3734267
3740239
3747251
3755486
3765155
3776510
3789843
3805500
3823886
3845475
3870827
3900597
3935555
3976605
4024808
4081412
4147881
4225932
4317586
4425212
4551593
4700000
