1400001
1400002
1400003
1400004
1400005
1400006
1400008
1400009
1400011
1400013
1400015
1400018
1400021
1400024
1400029
1400034
1400040
1400047
1400055
1400065
1400076
1400089
1400105
1400123
1400145
1400170
1400200
1400235
1400276
1400324
1400381
1400447
1400525
1400617
1400725
1400851
1401000
1401174
1401378
1401619
1401901
1402232
1402621
1403078
1403615
1404245
1404985
1405853
1406873
1408071
1409478
1411130
1413070
1415347
1418022
1421163
1424851
1429182
1434267
1440239
1447251
1455486
1465155
1476510
1489843
1505500
1523886
1545475
1570827
1600597
1635555
1676605
1724808
1781412
1847881
1925932
2017586
2125212
2251593
2400000
