2800001
2800002
2800003
2800004
2800005
2800006
2800008
2800009
2800011
2800013
2800015
2800018
2800021
2800024
2800029
2800034
2800040
2800047
2800055
2800065
2800076
2800089
2800105
2800123
2800145
2800170
2800200
2800235
2800276
2800324
2800381
2800447
2800525
2800617
2800725
2800851
2801000
2801174
2801378
2801619
2801901
2802232
2802621
2803078
2803615
2804245
2804985
2805853
2806873
2808071
2809478
2811130
2813070
2815347
2818022
2821163
2824851
2829182
2834267
2840239
2847251
2855486
2865155
2876510
2889843
2905500
2923886
2945475
2970827
3000597
3035555
3076605
3124808
3181412
3247881
3325932
3417586
3525212
3651593
3800000
