3100001
3100002
3100003
3100004
3100005
3100006
3100008
3100009
3100011
3100013
3100015
3100018
3100021
3100024
3100029
3100034
3100040
3100047
3100055
3100065
3100076
3100089
3100105
3100123
3100145
3100170
3100200
3100235
3100276
3100324
3100381
3100447
3100525
3100617
3100725
3100851
3101000
3101174
3101378
3101619
3101901
3102232
3102621
3103078
3103615
3104245
3104985
3105853
3106873
3108071
3109478
3111130
3113070
3115347
3118022
3121163
3124851
3129182
3134267
3140239
3147251
3155486
3165155
3176510
3189843
3205500
3223886
3245475
3270827
3300597
3335555
3376605
3424808
3481412
3547881
3625932
3717586
3825212
3951593
4100000
