300001
300002
300003
300004
300005
300006
300008
300009
300011
300013
300015
300018
300021
300024
300029
300034
300040
300047
300055
300065
300076
300089
300105
300123
300145
300170
300200
300235
300276
300324
300381
300447
300525
300617
300725
300851
301000
301174
301378
301619
301901
302232
302621
303078
303615
304245
304985
305853
306873
308071
309478
311130
313070
315347
318022
321163
324851
329182
334267
340239
347251
355486
365155
376510
389843
405500
423886
445475
470827
500597
535555
576605
624808
681412
747881
825932
917586
1025212
1151593
1300000
