2700001
2700002
2700003
2700004
2700005
2700006
2700008
2700009
2700011
2700013
2700015
2700018
2700021
2700024
2700029
2700034
2700040
2700047
2700055
2700065
2700076
2700089
2700105
2700123
2700145
2700170
2700200
2700235
2700276
2700324
2700381
2700447
2700525
2700617
2700725
2700851
2701000
2701174
2701378
2701619
2701901
2702232
2702621
2703078
2703615
2704245
2704985
2705853
2706873
2708071
2709478
2711130
2713070
2715347
2718022
2721163
2724851
2729182
2734267
2740239
2747251
2755486
2765155
2776510
2789843
2805500
2823886
2845475
2870827
2900597
2935555
2976605
3024808
3081412
3147881
3225932
3317586
3425212
3551593
3700000
