2600001
2600002
2600003
2600004
2600005
2600006
2600008
2600009
2600011
2600013
2600015
2600018
2600021
2600024
2600029
2600034
2600040
2600047
2600055
2600065
2600076
2600089
2600105
2600123
2600145
2600170
2600200
2600235
2600276
2600324
2600381
2600447
2600525
2600617
2600725
2600851
2601000
2601174
2601378
2601619
2601901
2602232
2602621
2603078
2603615
2604245
2604985
2605853
2606873
2608071
2609478
2611130
2613070
2615347
2618022
2621163
2624851
2629182
2634267
2640239
2647251
2655486
2665155
2676510
2689843
2705500
2723886
2745475
2770827
2800597
2835555
2876605
2924808
2981412
3047881
3125932
3217586
3325212
3451593
3600000
