800001
800002
800003
800004
800005
800006
800008
800009
800011
800013
800015
800018
800021
800024
800029
800034
800040
800047
800055
800065
800076
800089
800105
800123
800145
800170
800200
800235
800276
800324
800381
800447
800525
800617
800725
800851
801000
801174
801378
801619
801901
802232
802621
803078
803615
804245
804985
805853
806873
808071
809478
811130
813070
815347
818022
821163
824851
829182
834267
840239
847251
855486
865155
876510
889843
905500
923886
945475
970827
1000597
1035555
1076605
1124808
1181412
1247881
1325932
1417586
1525212
1651593
1800000
