1100001
1100002
1100003
1100004
1100005
1100006
1100008
1100009
1100011
1100013
1100015
1100018
1100021
1100024
1100029
1100034
1100040
1100047
1100055
1100065
1100076
1100089
1100105
1100123
1100145
1100170
1100200
1100235
1100276
1100324
1100381
1100447
1100525
1100617
1100725
1100851
1101000
1101174
1101378
1101619
1101901
1102232
1102621
1103078
1103615
1104245
1104985
1105853
1106873
1108071
1109478
1111130
1113070
1115347
1118022
1121163
1124851
1129182
1134267
1140239
1147251
1155486
1165155
1176510
1189843
1205500
1223886
1245475
1270827
1300597
1335555
1376605
1424808
1481412
1547881
1625932
1717586
1825212
1951593
2100000
