4200001
4200002
4200003
4200004
4200005
4200006
4200008
4200009
4200011
4200013
4200015
4200018
4200021
4200024
4200029
4200034
4200040
4200047
4200055
4200065
4200076
4200089
4200105
4200123
4200145
4200170
4200200
4200235
4200276
4200324
4200381
4200447
4200525
4200617
4200725
4200851
4201000
4201174
4201378
4201619
4201901
4202232
4202621
4203078
4203615
4204245
4204985
4205853
4206873
4208071
4209478
4211130
4213070
4215347
4218022
4221163
4224851
4229182
4234267
4240239
4247251
4255486
4265155
4276510
4289843
4305500
4323886
4345475
4370827
4400597
4435555
4476605
4524808
4581412
4647881
4725932
4817586
4925212
5051593
5200000
