4800001
4800002
4800003
4800004
4800005
4800006
4800008
4800009
4800011
4800013
4800015
4800018
4800021
4800024
4800029
4800034
4800040
4800047
4800055
4800065
4800076
4800089
4800105
4800123
4800145
4800170
4800200
4800235
4800276
4800324
4800381
4800447
4800525
4800617
4800725
4800851
4801000
4801174
4801378
4801619
4801901
4802232
4802621
4803078
4803615
4804245
4804985
4805853
4806873
4808071
4809478
4811130
4813070
4815347
4818022
4821163
4824851
4829182
4834267
4840239
4847251
4855486
4865155
4876510
4889843
4905500
4923886
4945475
4970827
5000597
5035555
5076605
5124808
5181412
5247881
5325932
5417586
5525212
5651593
5800000
