1900001
1900002
1900003
1900004
1900005
1900006
1900008
1900009
1900011
1900013
1900015
1900018
1900021
1900024
1900029
1900034
1900040
1900047
1900055
1900065
1900076
1900089
1900105
1900123
1900145
1900170
1900200
1900235
1900276
1900324
1900381
1900447
1900525
1900617
1900725
1900851
1901000
1901174
1901378
1901619
1901901
1902232
1902621
1903078
1903615
1904245
1904985
1905853
1906873
1908071
1909478
1911130
1913070
1915347
1918022
1921163
1924851
1929182
1934267
1940239
1947251
1955486
1965155
1976510
1989843
2005500
2023886
2045475
2070827
2100597
2135555
2176605
2224808
2281412
2347881
2425932
2517586
2625212
2751593
2900000
