3900001
3900002
3900003
3900004
3900005
3900006
3900008
3900009
3900011
3900013
3900015
3900018
3900021
3900024
3900029
3900034
3900040
3900047
3900055
3900065
3900076
3900089
3900105
3900123
3900145
3900170
3900200
3900235
3900276
3900324
3900381
3900447
3900525
3900617
3900725
3900851
3901000
3901174
3901378
3901619
3901901
3902232
3902621
3903078
3903615
3904245
3904985
3905853
3906873
3908071
3909478
3911130
3913070
3915347
3918022
3921163
3924851
3929182
3934267
3940239
3947251
3955486
3965155
3976510
3989843
4005500
4023886
4045475
4070827
4100597
4135555
4176605
4224808
4281412
4347881
4425932
4517586
4625212
4751593
4900000
