4400001
4400002
4400003
4400004
4400005
4400006
4400008
4400009
4400011
4400013
4400015
4400018
4400021
4400024
4400029
4400034
4400040
4400047
4400055
4400065
4400076
4400089
4400105
4400123
4400145
4400170
4400200
4400235
4400276
4400324
4400381
4400447
4400525
4400617
4400725
4400851
4401000
4401174
4401378
4401619
4401901
4402232
4402621
4403078
4403615
4404245
4404985
4405853
4406873
4408071
4409478
4411130
4413070
4415347
4418022
4421163
4424851
4429182
4434267
4440239
4447251
4455486
4465155
4476510
4489843
4505500
4523886
4545475
4570827
4600597
4635555
4676605
4724808
4781412
4847881
4925932
5017586
5125212
5251593
5400000
