2300001
2300002
2300003
2300004
2300005
2300006
2300008
2300009
2300011
2300013
2300015
2300018
2300021
2300024
2300029
2300034
2300040
2300047
2300055
2300065
2300076
2300089
2300105
2300123
2300145
2300170
2300200
2300235
2300276
2300324
2300381
2300447
2300525
2300617
2300725
2300851
2301000
2301174
2301378
2301619
2301901
2302232
2302621
2303078
2303615
2304245
2304985
2305853
2306873
2308071
2309478
2311130
2313070
2315347
2318022
2321163
2324851
2329182
2334267
2340239
2347251
2355486
2365155
2376510
2389843
2405500
2423886
2445475
2470827
2500597
2535555
2576605
2624808
2681412
2747881
2825932
2917586
3025212
3151593
3300000
