3400001
3400002
3400003
3400004
3400005
3400006
3400008
3400009
3400011
3400013
3400015
3400018
3400021
3400024
3400029
3400034
3400040
3400047
3400055
3400065
3400076
3400089
3400105
3400123
3400145
3400170
3400200
3400235
3400276
3400324
3400381
3400447
3400525
3400617
3400725
3400851
3401000
3401174
3401378
3401619
3401901
3402232
3402621
3403078
3403615
3404245
3404985
3405853
3406873
3408071
3409478
3411130
3413070
3415347
3418022
3421163
3424851
3429182
3434267
3440239
3447251
3455486
3465155
3476510
3489843
3505500
3523886
3545475
3570827
3600597
3635555
3676605
3724808
3781412
3847881
3925932
4017586
4125212
4251593
4400000
