1200001
1200002
1200003
1200004
1200005
1200006
1200008
1200009
1200011
1200013
1200015
1200018
1200021
1200024
1200029
1200034
1200040
1200047
1200055
1200065
1200076
1200089
1200105
1200123
1200145
1200170
1200200
1200235
1200276
1200324
1200381
1200447
1200525
1200617
1200725
1200851
1201000
1201174
1201378
1201619
1201901
1202232
1202621
1203078
1203615
1204245
1204985
1205853
1206873
1208071
1209478
1211130
1213070
1215347
1218022
1221163
1224851
1229182
1234267
1240239
1247251
1255486
1265155
1276510
1289843
1305500
1323886
1345475
1370827
1400597
1435555
1476605
1524808
1581412
1647881
1725932
1817586
1925212
2051593
2200000
