100001
100002
100003
100004
100005
100006
100008
100009
100011
100013
100015
100018
100021
100024
100029
100034
100040
100047
100055
100065
100076
100089
100105
100123
100145
100170
100200
100235
100276
100324
100381
100447
100525
100617
100725
100851
101000
101174
101378
101619
101901
102232
102621
103078
103615
104245
104985
105853
106873
108071
109478
111130
113070
115347
118022
121163
124851
129182
134267
140239
147251
155486
165155
176510
189843
205500
223886
245475
270827
300597
335555
376605
424808
481412
547881
625932
717586
825212
951593
1100000
