400001
400002
400003
400004
400005
400006
400008
400009
400011
400013
400015
400018
400021
400024
400029
400034
400040
400047
400055
400065
400076
400089
400105
400123
400145
400170
400200
400235
400276
400324
400381
400447
400525
400617
400725
400851
401000
401174
401378
401619
401901
402232
402621
403078
403615
404245
404985
405853
406873
408071
409478
411130
413070
415347
418022
421163
424851
429182
434267
440239
447251
455486
465155
476510
489843
505500
523886
545475
570827
600597
635555
676605
724808
781412
847881
925932
1017586
1125212
1251593
1400000
