2200001
2200002
2200003
2200004
2200005
2200006
2200008
2200009
2200011
2200013
2200015
2200018
2200021
2200024
2200029
2200034
2200040
2200047
2200055
2200065
2200076
2200089
2200105
2200123
2200145
2200170
2200200
2200235
2200276
2200324
2200381
2200447
2200525
2200617
2200725
2200851
2201000
2201174
2201378
2201619
2201901
2202232
2202621
2203078
2203615
2204245
2204985
2205853
2206873
2208071
2209478
2211130
2213070
2215347
2218022
2221163
2224851
2229182
2234267
2240239
2247251
2255486
2265155
2276510
2289843
2305500
2323886
2345475
2370827
2400597
2435555
2476605
2524808
2581412
2647881
2725932
2817586
2925212
3051593
3200000
