1800001
1800002
1800003
1800004
1800005
1800006
1800008
1800009
1800011
1800013
1800015
1800018
1800021
1800024
1800029
1800034
1800040
1800047
1800055
1800065
1800076
1800089
1800105
1800123
1800145
1800170
1800200
1800235
1800276
1800324
1800381
1800447
1800525
1800617
1800725
1800851
1801000
1801174
1801378
1801619
1801901
1802232
1802621
1803078
1803615
1804245
1804985
1805853
1806873
1808071
1809478
1811130
1813070
1815347
1818022
1821163
1824851
1829182
1834267
1840239
1847251
1855486
1865155
1876510
1889843
1905500
1923886
1945475
1970827
2000597
2035555
2076605
2124808
2181412
2247881
2325932
2417586
2525212
2651593
2800000
