3500001
3500002
3500003
3500004
3500005
3500006
3500008
3500009
3500011
3500013
3500015
3500018
3500021
3500024
3500029
3500034
3500040
3500047
3500055
3500065
3500076
3500089
3500105
3500123
3500145
3500170
3500200
3500235
3500276
3500324
3500381
3500447
3500525
3500617
3500725
3500851
3501000
3501174
3501378
3501619
3501901
3502232
3502621
3503078
3503615
3504245
3504985
3505853
3506873
3508071
3509478
3511130
3513070
3515347
3518022
3521163
3524851
3529182
3534267
3540239
3547251
3555486
3565155
3576510
3589843
3605500
3623886
3645475
3670827
3700597
3735555
3776605
3824808
3881412
3947881
4025932
4117586
4225212
4351593
4500000
