900001
900002
900003
900004
900005
900006
900008
900009
900011
900013
900015
900018
900021
900024
900029
900034
900040
900047
900055
900065
900076
900089
900105
900123
900145
900170
900200
900235
900276
900324
900381
900447
900525
900617
900725
900851
901000
901174
901378
901619
901901
902232
902621
903078
903615
904245
904985
905853
906873
908071
909478
911130
913070
915347
918022
921163
924851
929182
934267
940239
947251
955486
965155
976510
989843
1005500
1023886
1045475
1070827
1100597
1135555
1176605
1224808
1281412
1347881
1425932
1517586
1625212
1751593
1900000
