200001
200002
200003
200004
200005
200006
200008
200009
200011
200013
200015
200018
200021
200024
200029
200034
200040
200047
200055
200065
200076
200089
200105
200123
200145
200170
200200
200235
200276
200324
200381
200447
200525
200617
200725
200851
201000
201174
201378
201619
201901
202232
202621
203078
203615
204245
204985
205853
206873
208071
209478
211130
213070
215347
218022
221163
224851
229182
234267
240239
247251
255486
265155
276510
289843
305500
323886
345475
370827
400597
435555
476605
524808
581412
647881
725932
817586
925212
1051593
1200000
