3600001
3600002
3600003
3600004
3600005
3600006
3600008
3600009
3600011
3600013
3600015
3600018
3600021
3600024
3600029
3600034
3600040
3600047
3600055
3600065
3600076
3600089
3600105
3600123
3600145
3600170
3600200
3600235
3600276
3600324
3600381
3600447
3600525
3600617
3600725
3600851
3601000
3601174
3601378
3601619
3601901
3602232
3602621
3603078
3603615
3604245
3604985
3605853
3606873
3608071
3609478
3611130
3613070
3615347
3618022
3621163
3624851
3629182
3634267
3640239
3647251
3655486
3665155
3676510
3689843
3705500
3723886
3745475
3770827
3800597
3835555
3876605
3924808
3981412
4047881
4125932
4217586
4325212
4451593
4600000
