2400001
2400002
2400003
2400004
2400005
2400006
2400008
2400009
2400011
2400013
2400015
2400018
2400021
2400024
2400029
2400034
2400040
2400047
2400055
2400065
2400076
2400089
2400105
2400123
2400145
2400170
2400200
2400235
2400276
2400324
2400381
2400447
2400525
2400617
2400725
2400851
2401000
2401174
2401378
2401619
2401901
2402232
2402621
2403078
2403615
2404245
2404985
2405853
2406873
2408071
2409478
2411130
2413070
2415347
2418022
2421163
2424851
2429182
2434267
2440239
2447251
2455486
2465155
2476510
2489843
2505500
2523886
2545475
2570827
2600597
2635555
2676605
2724808
2781412
2847881
2925932
3017586
3125212
3251593
3400000
