4100001
4100002
4100003
4100004
4100005
4100006
4100008
4100009
4100011
4100013
4100015
4100018
4100021
4100024
4100029
4100034
4100040
4100047
4100055
4100065
4100076
4100089
4100105
4100123
4100145
4100170
4100200
4100235
4100276
4100324
4100381
4100447
4100525
4100617
4100725
4100851
4101000
4101174
4101378
4101619
4101901
4102232
4102621
4103078
4103615
4104245
4104985
4105853
4106873
4108071
4109478
4111130
4113070
4115347
4118022
4121163
4124851
4129182
4134267
4140239
4147251
4155486
4165155
4176510
4189843
4205500
4223886
4245475
4270827
4300597
4335555
4376605
4424808
4481412
4547881
4625932
4717586
4825212
4951593
5100000
