2900001
2900002
2900003
2900004
2900005
2900006
2900008
2900009
2900011
2900013
2900015
2900018
2900021
2900024
2900029
2900034
2900040
2900047
2900055
2900065
2900076
2900089
2900105
2900123
2900145
2900170
2900200
2900235
2900276
2900324
2900381
2900447
2900525
2900617
2900725
2900851
2901000
2901174
2901378
2901619
2901901
2902232
2902621
2903078
2903615
2904245
2904985
2905853
2906873
2908071
2909478
2911130
2913070
2915347
2918022
2921163
2924851
2929182
2934267
2940239
2947251
2955486
2965155
2976510
2989843
3005500
3023886
3045475
3070827
3100597
3135555
3176605
3224808
3281412
3347881
3425932
3517586
3625212
3751593
3900000
