1300001
1300002
1300003
1300004
1300005
1300006
1300008
1300009
1300011
1300013
1300015
1300018
1300021
1300024
1300029
1300034
1300040
1300047
1300055
1300065
1300076
1300089
1300105
1300123
1300145
1300170
1300200
1300235
1300276
1300324
1300381
1300447
1300525
1300617
1300725
1300851
1301000
1301174
1301378
1301619
1301901
1302232
1302621
1303078
1303615
1304245
1304985
1305853
1306873
1308071
1309478
1311130
1313070
1315347
1318022
1321163
1324851
1329182
1334267
1340239
1347251
1355486
1365155
1376510
1389843
1405500
1423886
1445475
1470827
1500597
1535555
1576605
1624808
1681412
1747881
1825932
1917586
2025212
2151593
2300000
