3800001
3800002
3800003
3800004
3800005
3800006
3800008
3800009
3800011
3800013
3800015
3800018
3800021
3800024
3800029
3800034
3800040
3800047
3800055
3800065
3800076
3800089
3800105
3800123
3800145
3800170
3800200
3800235
3800276
3800324
3800381
3800447
3800525
3800617
3800725
3800851
3801000
3801174
3801378
3801619
3801901
3802232
3802621
3803078
3803615
3804245
3804985
3805853
3806873
3808071
3809478
3811130
3813070
3815347
3818022
3821163
3824851
3829182
3834267
3840239
3847251
3855486
3865155
3876510
3889843
3905500
3923886
3945475
3970827
4000597
4035555
4076605
4124808
4181412
4247881
4325932
4417586
4525212
4651593
4800000
