1000001
1000002
1000003
1000004
1000005
1000006
1000008
1000009
1000011
1000013
1000015
1000018
1000021
1000024
1000029
1000034
1000040
1000047
1000055
1000065
1000076
1000089
1000105
1000123
1000145
1000170
1000200
1000235
1000276
1000324
1000381
1000447
1000525
1000617
1000725
1000851
1001000
1001174
1001378
1001619
1001901
1002232
1002621
1003078
1003615
1004245
1004985
1005853
1006873
1008071
1009478
1011130
1013070
1015347
1018022
1021163
1024851
1029182
1034267
1040239
1047251
1055486
1065155
1076510
1089843
1105500
1123886
1145475
1170827
1200597
1235555
1276605
1324808
1381412
1447881
1525932
1617586
1725212
1851593
2000000
