1600001
1600002
1600003
1600004
1600005
1600006
1600008
1600009
1600011
1600013
1600015
1600018
1600021
1600024
1600029
1600034
1600040
1600047
1600055
1600065
1600076
1600089
1600105
1600123
1600145
1600170
1600200
1600235
1600276
1600324
1600381
1600447
1600525
1600617
1600725
1600851
1601000
1601174
1601378
1601619
1601901
1602232
1602621
1603078
1603615
1604245
1604985
1605853
1606873
1608071
1609478
1611130
1613070
1615347
1618022
1621163
1624851
1629182
1634267
1640239
1647251
1655486
1665155
1676510
1689843
1705500
1723886
1745475
1770827
1800597
1835555
1876605
1924808
1981412
2047881
2125932
2217586
2325212
2451593
2600000
