4700001
4700002
4700003
4700004
4700005
4700006
4700008
4700009
4700011
4700013
4700015
4700018
4700021
4700024
4700029
4700034
4700040
4700047
4700055
4700065
4700076
4700089
4700105
4700123
4700145
4700170
4700200
4700235
4700276
4700324
4700381
4700447
4700525
4700617
4700725
4700851
4701000
4701174
4701378
4701619
4701901
4702232
4702621
4703078
4703615
4704245
4704985
4705853
4706873
4708071
4709478
4711130
4713070
4715347
4718022
4721163
4724851
4729182
4734267
4740239
4747251
4755486
4765155
4776510
4789843
4805500
4823886
4845475
4870827
4900597
4935555
4976605
5024808
5081412
5147881
5225932
5317586
5425212
5551593
5700000
