1700001
1700002
1700003
1700004
1700005
1700006
1700008
1700009
1700011
1700013
1700015
1700018
1700021
1700024
1700029
1700034
1700040
1700047
1700055
1700065
1700076
1700089
1700105
1700123
1700145
1700170
1700200
1700235
1700276
1700324
1700381
1700447
1700525
1700617
1700725
1700851
1701000
1701174
1701378
1701619
1701901
1702232
1702621
1703078
1703615
1704245
1704985
1705853
1706873
1708071
1709478
1711130
1713070
1715347
1718022
1721163
1724851
1729182
1734267
1740239
1747251
1755486
1765155
1776510
1789843
1805500
1823886
1845475
1870827
1900597
1935555
1976605
2024808
2081412
2147881
2225932
2317586
2425212
2551593
2700000
