600001
600002
600003
600004
600005
600006
600008
600009
600011
600013
600015
600018
600021
600024
600029
600034
600040
600047
600055
600065
600076
600089
600105
600123
600145
600170
600200
600235
600276
600324
600381
600447
600525
600617
600725
600851
601000
601174
601378
601619
601901
602232
602621
603078
603615
604245
604985
605853
606873
608071
609478
611130
613070
615347
618022
621163
624851
629182
634267
640239
647251
655486
665155
676510
689843
705500
723886
745475
770827
800597
835555
876605
924808
981412
1047881
1125932
1217586
1325212
1451593
1600000
