3200001
3200002
3200003
3200004
3200005
3200006
3200008
3200009
3200011
3200013
3200015
3200018
3200021
3200024
3200029
3200034
3200040
3200047
3200055
3200065
3200076
3200089
3200105
3200123
3200145
3200170
3200200
3200235
3200276
3200324
3200381
3200447
3200525
3200617
3200725
3200851
3201000
3201174
3201378
3201619
3201901
3202232
3202621
3203078
3203615
3204245
3204985
3205853
3206873
3208071
3209478
3211130
3213070
3215347
3218022
3221163
3224851
3229182
3234267
3240239
3247251
3255486
3265155
3276510
3289843
3305500
3323886
3345475
3370827
3400597
3435555
3476605
3524808
3581412
3647881
3725932
3817586
3925212
4051593
4200000
