700001
700002
700003
700004
700005
700006
700008
700009
700011
700013
700015
700018
700021
700024
700029
700034
700040
700047
700055
700065
700076
700089
700105
700123
700145
700170
700200
700235
700276
700324
700381
700447
700525
700617
700725
700851
701000
701174
701378
701619
701901
702232
702621
703078
703615
704245
704985
705853
706873
708071
709478
711130
713070
715347
718022
721163
724851
729182
734267
740239
747251
755486
765155
776510
789843
805500
823886
845475
870827
900597
935555
976605
1024808
1081412
1147881
1225932
1317586
1425212
1551593
1700000
