4900001
4900002
4900003
4900004
4900005
4900006
4900008
4900009
4900011
4900013
4900015
4900018
4900021
4900024
4900029
4900034
4900040
4900047
4900055
4900065
4900076
4900089
4900105
4900123
4900145
4900170
4900200
4900235
4900276
4900324
4900381
4900447
4900525
4900617
4900725
4900851
4901000
4901174
4901378
4901619
4901901
4902232
4902621
4903078
4903615
4904245
4904985
4905853
4906873
4908071
4909478
4911130
4913070
4915347
4918022
4921163
4924851
4929182
4934267
4940239
4947251
4955486
4965155
4976510
4989843
5005500
5023886
5045475
5070827
5100597
5135555
5176605
5224808
5281412
5347881
5425932
5517586
5625212
5751593
5900000
