4300001
4300002
4300003
4300004
4300005
4300006
4300008
4300009
4300011
4300013
4300015
4300018
4300021
4300024
4300029
4300034
4300040
4300047
4300055
4300065
4300076
4300089
4300105
4300123
4300145
4300170
4300200
4300235
4300276
4300324
4300381
4300447
4300525
4300617
4300725
4300851
4301000
4301174
4301378
4301619
4301901
4302232
4302621
4303078
4303615
4304245
4304985
4305853
4306873
4308071
4309478
4311130
4313070
4315347
4318022
4321163
4324851
4329182
4334267
4340239
4347251
4355486
4365155
4376510
4389843
4405500
4423886
4445475
4470827
4500597
4535555
4576605
4624808
4681412
4747881
4825932
4917586
5025212
5151593
5300000
