4600001
4600002
4600003
4600004
4600005
4600006
4600008
4600009
4600011
4600013
4600015
4600018
4600021
4600024
4600029
4600034
4600040
4600047
4600055
4600065
4600076
4600089
4600105
4600123
4600145
4600170
4600200
4600235
4600276
4600324
4600381
4600447
4600525
4600617
4600725
4600851
4601000
4601174
4601378
4601619
4601901
4602232
4602621
4603078
4603615
4604245
4604985
4605853
4606873
4608071
4609478
4611130
4613070
4615347
4618022
4621163
4624851
4629182
4634267
4640239
4647251
4655486
4665155
4676510
4689843
4705500
4723886
4745475
4770827
4800597
4835555
4876605
4924808
4981412
5047881
5125932
5217586
5325212
5451593
5600000
