2100001
2100002
2100003
2100004
2100005
2100006
2100008
2100009
2100011
2100013
2100015
2100018
2100021
2100024
2100029
2100034
2100040
2100047
2100055
2100065
2100076
2100089
2100105
2100123
2100145
2100170
2100200
2100235
2100276
2100324
2100381
2100447
2100525
2100617
2100725
2100851
2101000
2101174
2101378
2101619
2101901
2102232
2102621
2103078
2103615
2104245
2104985
2105853
2106873
2108071
2109478
2111130
2113070
2115347
2118022
2121163
2124851
2129182
2134267
2140239
2147251
2155486
2165155
2176510
2189843
2205500
2223886
2245475
2270827
2300597
2335555
2376605
2424808
2481412
2547881
2625932
2717586
2825212
2951593
3100000
